beam,range,geoAzm,magAzm,vLos,MLAT,MLT,MLON,GLAT,GLON,radId,radCode,normMLT_x,normMLTRound,spwdth,pwr
5,27,-41.65,-38.83,-378.1679,56.7707,2.5717,-18.7139,45.371,-89.308,33,bks,2.5717,2,108.6326,12.8346
5,28,-41.65,-39.16,-396.3842,57.0027,2.529,-19.3536,45.6378,-89.747,33,bks,2.529,2,108.6326,9.4804
5,29,-41.65,-39.5,-379.2044,57.2309,2.4859,-20.0005,45.9024,-90.1899,33,bks,2.4859,2,108.6326,8.7086
5,30,-41.65,-39.85,-368.0763,57.4553,2.4423,-20.6546,46.1649,-90.6368,33,bks,2.4423,2,101.2517,7.1071
5,31,-41.65,-40.2,-321.3911,57.6758,2.3982,-21.3159,46.4254,-91.0877,33,bks,2.3982,2,93.0169,6.2654
5,32,-41.65,-40.56,-103.821,57.8925,2.3536,-21.9845,46.6837,-91.5429,33,bks,2.3536,2,93.0169,4.6665
6,24,-37.79,-33.27,-208.2372,56.5691,2.7651,-15.8129,45.0843,-87.3019,33,bks,2.7651,2,91.8816,11.6371
6,25,-37.79,-33.55,-221.1927,56.8363,2.7261,-16.3974,45.3789,-87.7046,33,bks,2.7261,2,102.367,14.6025
6,26,-37.79,-33.84,-262.1818,57.1001,2.6866,-16.9892,45.6715,-88.1109,33,bks,2.6866,2,120.3535,15.1733
6,27,-37.79,-34.14,-288.6934,57.3606,2.6467,-17.5884,45.9622,-88.5211,33,bks,2.6467,2,106.0323,12.9667
6,28,-37.79,-34.44,-356.0613,57.6176,2.6062,-18.1953,46.2509,-88.9352,33,bks,2.6062,2,95.6041,11.6571
6,29,-37.79,-34.75,-325.0995,57.8713,2.5653,-18.8098,46.5378,-89.3533,33,bks,2.5653,2,93.2534,9.4804
6,30,-37.79,-35.06,-139.1725,58.1216,2.5238,-19.4322,46.8228,-89.7756,33,bks,2.5238,2,83.0054,8.7086
6,31,-37.79,-35.39,-78.7848,58.3683,2.4817,-20.0626,47.106,-90.2022,33,bks,2.4817,2,92.2524,6.9091
7,22,-33.93,-28.14,-136.668,56.4547,2.9108,-13.6272,44.936,-85.7917,33,bks,2.9108,2,41.8197,9.0995
7,23,-33.93,-28.37,-147.7827,56.7504,2.8755,-14.1569,45.2543,-86.1588,33,bks,2.8755,2,66.9121,12.7661
7,24,-33.93,-28.61,-188.7722,57.0431,2.8397,-14.6937,45.5708,-86.5294,33,bks,2.8397,2,91.648,20.4373
7,25,-33.93,-28.86,-199.4221,57.3328,2.8034,-15.2378,45.8854,-86.9035,33,bks,2.8034,2,100.0775,17.7322
7,26,-33.93,-29.11,-178.1384,57.6196,2.7666,-15.7894,46.1982,-87.2813,33,bks,2.7666,2,108.9312,16.2701
7,27,-33.93,-29.37,-89.8397,57.9034,2.7293,-16.3488,46.5094,-87.6629,33,bks,2.7293,2,64.5534,13.9235
7,28,-33.93,-29.63,-55.9841,58.1842,2.6915,-16.9161,46.8189,-88.0486,33,bks,2.6915,2,53.0926,12.0609
7,29,-33.93,-29.91,-50.6736,58.462,2.6532,-17.4915,47.1267,-88.4383,33,bks,2.6532,2,50.6521,9.4804
8,22,-30.07,-23.51,-122.9984,56.8411,2.9853,-12.5092,45.3428,-85.0246,33,bks,2.9853,2,41.8197,16.5612
8,23,-30.07,-23.7,-136.7748,57.1567,2.9531,-12.9927,45.6792,-85.3602,33,bks,2.9531,2,55.2588,20.7839
8,24,-30.07,-23.9,-140.3729,57.4698,2.9204,-13.4833,46.014,-85.6991,33,bks,2.9204,2,66.9121,21.1408
8,25,-30.07,-24.11,-122.0886,57.7803,2.8872,-13.9812,46.3472,-86.0415,33,bks,2.8872,2,86.9534,20.6314
8,26,-30.07,-24.32,-61.0678,58.0883,2.8535,-14.4866,46.6788,-86.3875,33,bks,2.8535,2,40.0673,16.5794
9,25,-26.21,-19.31,-55.658,58.1742,2.977,-12.6344,46.761,-85.1229,33,bks,2.977,2,29.7526,19.5453
2,22,17.46,15.64,62.3195,58.9878,2.0121,-27.1075,48.1247,-95.037,205,fhe,2.0121,2,28.3717,26.392
2,23,17.46,15.9,52.7728,59.3705,2.0316,-26.8147,48.5061,-94.8077,205,fhe,2.0316,2,13.3883,25.3358
2,24,17.46,16.17,51.2307,59.7515,2.0514,-26.5176,48.8864,-94.5764,205,fhe,2.0514,2,8.3411,24.6423
3,19,20.7,18.72,122.0298,57.7205,2.0211,-26.9717,46.7909,-95.0259,205,fhe,2.0211,2,24.0669,12.9168
3,20,20.7,18.99,123.0134,58.1009,2.0434,-26.6377,47.1659,-94.768,205,fhe,2.0434,2,49.441,25.9006
3,21,20.7,19.27,122.0298,58.4791,2.066,-26.2994,47.5393,-94.5082,205,fhe,2.066,2,52.0774,28.8777
3,22,20.7,19.56,75.7555,58.8551,2.0888,-25.9563,47.9114,-94.2465,205,fhe,2.0888,2,44.2124,28.6357
3,23,20.7,19.86,60.5928,59.2291,2.112,-25.6081,48.2823,-93.9825,205,fhe,2.112,2,13.3883,25.7175
3,24,20.7,20.17,52.5966,59.6011,2.1356,-25.2545,48.6521,-93.7161,205,fhe,2.1356,2,9.091,25.6897
4,19,23.94,22.51,128.3499,57.5783,2.0854,-26.0084,46.5779,-94.3591,205,fhe,2.0854,2,24.0669,11.3149
4,20,23.94,22.81,167.1838,57.9489,2.111,-25.6244,46.9414,-94.0693,205,fhe,2.111,2,58.8922,25.3361
4,21,23.94,23.13,167.1838,58.317,2.1369,-25.2351,47.3032,-93.7774,205,fhe,2.1369,2,66.7584,28.0646
4,22,23.94,23.45,123.4075,58.6828,2.1632,-24.8401,47.6636,-93.4831,205,fhe,2.1632,2,56.3409,28.0646
4,23,23.94,23.78,73.8534,59.0462,2.19,-24.4391,48.0226,-93.1862,205,fhe,2.19,2,27.1739,25.0217
4,24,23.94,24.13,60.5928,59.4073,2.2171,-24.0317,48.3804,-92.8864,205,fhe,2.2171,2,13.7543,24.1956
4,25,23.94,24.48,52.0034,59.7662,2.2447,-23.6177,48.7369,-92.5836,205,fhe,2.2447,2,7.843,25.5713
5,20,27.18,26.61,207.5621,57.762,2.1761,-24.6469,46.6863,-93.3975,205,fhe,2.1761,2,81.137,19.5967
5,21,27.18,26.95,207.5621,58.1184,2.2053,-24.2093,47.0352,-93.0751,205,fhe,2.2053,2,82.5376,21.4379
5,22,27.18,27.31,186.521,58.4721,2.2349,-23.7652,47.3825,-92.7501,205,fhe,2.2349,2,85.9827,24.0515
5,23,27.18,27.67,116.1431,58.8232,2.265,-23.3144,47.7283,-92.4221,205,fhe,2.265,2,49.547,23.959
5,24,27.18,28.05,82.253,59.1717,2.2955,-22.8565,48.0727,-92.0909,205,fhe,2.2955,2,22.0963,22.8455
5,25,27.18,28.43,68.589,59.5176,2.3265,-22.3912,48.4157,-91.7564,205,fhe,2.3265,2,7.843,22.0891
5,26,27.18,28.83,56.4414,59.861,2.358,-21.9182,48.7574,-91.4184,205,fhe,2.358,2,5.6742,24.3936
6,20,30.42,30.38,223.1375,57.5416,2.2386,-23.7101,46.4019,-92.7553,205,fhe,2.2386,2,81.2414,17.998
6,21,30.42,30.75,223.6005,57.8848,2.2708,-23.2272,46.7367,-92.4043,205,fhe,2.2708,2,88.8431,20.3026
6,22,30.42,31.13,222.6883,58.2249,2.3034,-22.7372,47.0697,-92.0503,205,fhe,2.3034,2,111.5903,22.2873
6,23,30.42,31.52,198.6149,58.5621,2.3366,-22.24,47.401,-91.6933,205,fhe,2.3366,2,111.5903,23.959
6,24,30.42,31.92,111.9028,58.8963,2.3702,-21.7351,47.7307,-91.3328,205,fhe,2.3702,2,41.49,23.7879
6,25,30.42,32.33,88.9602,59.2276,2.4044,-21.2224,48.0589,-90.9689,205,fhe,2.4044,2,11.4034,22.0335
6,26,30.42,32.75,66.8402,59.556,2.4392,-20.7015,48.3856,-90.6012,205,fhe,2.4392,2,6.2279,22.0891
6,27,30.42,33.19,54.9697,59.8815,2.4744,-20.1721,48.7108,-90.2297,205,fhe,2.4744,2,5.6949,24.6362
7,21,33.66,34.5,275.3992,57.6178,2.333,-22.2936,46.4091,-91.7673,205,fhe,2.333,2,98.7237,20.3026
7,22,33.66,34.9,249.4025,57.943,2.3685,-21.7612,46.7267,-91.3866,205,fhe,2.3685,2,121.2132,22.8257
7,23,33.66,35.31,238.6896,58.2648,2.4045,-21.2212,47.0423,-91.0026,205,fhe,2.4045,2,116.4428,25.8216
7,24,33.66,35.74,166.6302,58.5833,2.441,-20.6733,47.3562,-90.6151,205,fhe,2.441,2,93.9307,26.2051
7,25,33.66,36.17,121.8903,58.8984,2.4781,-20.1172,47.6684,-90.224,205,fhe,2.4781,2,41.49,24.9526
7,26,33.66,36.62,90.6794,59.2103,2.5157,-19.5527,47.9789,-89.8291,205,fhe,2.5157,2,11.4915,24.6362
7,27,33.66,37.07,67.2231,59.5189,2.554,-18.9795,48.2877,-89.4303,205,fhe,2.554,2,9.303,25.1333
7,28,33.66,37.54,51.43,59.8242,2.5928,-18.3975,48.595,-89.0273,205,fhe,2.5928,2,7.0499,25.3101
8,22,36.9,38.63,306.7734,57.6283,2.4298,-20.8416,46.3551,-90.761,205,fhe,2.4298,2,111.5903,22.8257
8,23,36.9,39.06,258.0663,57.9335,2.4684,-20.2627,46.6541,-90.3523,205,fhe,2.4684,2,95.294,26.8076
8,24,36.9,39.5,241.1743,58.2349,2.5075,-19.6758,46.9511,-89.9402,205,fhe,2.5075,2,95.294,29.2877
8,25,36.9,39.96,163.1721,58.5327,2.5472,-19.0806,47.2462,-89.5243,205,fhe,2.5472,2,91.2966,29.0941
8,26,36.9,40.42,119.9111,58.8268,2.5875,-18.477,47.5395,-89.1047,205,fhe,2.5875,2,35.0804,28.5301
8,27,36.9,40.89,92.5776,59.1172,2.6283,-17.8647,47.8309,-88.6811,205,fhe,2.6283,2,11.7523,28.5301
8,28,36.9,41.37,73.9268,59.4039,2.6697,-17.2435,48.1205,-88.2534,205,fhe,2.6697,2,7.8558,27.6466
8,29,36.9,41.86,59.4262,59.6869,2.7117,-16.6134,48.4083,-87.8215,205,fhe,2.7117,2,6.9947,29.1939
9,22,40.14,42.31,314.6968,57.2832,2.4871,-19.9819,45.9569,-90.1757,205,fhe,2.4871,2,87.9695,22.8257
9,23,40.14,42.76,304.8513,57.5705,2.528,-19.3681,46.2382,-89.7446,205,fhe,2.528,2,87.9695,23.4743
9,24,40.14,43.22,267.9248,57.8538,2.5695,-18.7464,46.5173,-89.3101,205,fhe,2.5695,2,95.294,27.2241
9,25,40.14,43.68,251.6513,58.1331,2.6115,-18.1165,46.7944,-88.872,205,fhe,2.6115,2,101.3758,29.0941
9,26,40.14,44.15,163.1721,58.4083,2.654,-17.4783,47.0694,-88.4301,205,fhe,2.654,2,95.8402,28.5301
9,27,40.14,44.64,119.9111,58.6794,2.6971,-16.8317,47.3425,-87.9844,205,fhe,2.6971,2,35.155,28.4988
9,28,40.14,45.13,101.0955,58.9464,2.7408,-16.1764,47.6135,-87.5347,205,fhe,2.7408,2,11.7523,28.3589
9,29,40.14,45.62,85.1031,59.2092,2.7851,-15.5124,47.8825,-87.0809,205,fhe,2.7851,2,7.6757,29.6513
9,30,40.14,46.13,73.0796,59.4679,2.83,-14.8395,48.1495,-86.6228,205,fhe,2.83,2,7.8844,29.6639
9,31,40.14,46.64,59.2269,59.7223,2.8754,-14.1578,48.4146,-86.1604,205,fhe,2.8754,2,7.8844,29.5946
10,23,43.38,46.41,304.8513,57.1783,2.5832,-18.5406,45.7964,-89.181,205,fhe,2.5832,2,100.2049,20.6877
10,24,43.38,46.87,295.8117,57.4425,2.6267,-17.8883,46.0569,-88.7265,205,fhe,2.6267,2,101.3758,23.4743
10,25,43.38,47.35,279.8194,57.7023,2.6707,-17.228,46.3151,-88.2686,205,fhe,2.6707,2,113.0248,27.1025
10,26,43.38,47.83,253.9002,57.9576,2.7153,-16.5598,46.5711,-87.8071,205,fhe,2.7153,2,123.1282,27.1373
10,27,43.38,48.32,220.8235,58.2085,2.7604,-15.8835,46.8249,-87.3419,205,fhe,2.7604,2,116.9182,27.1841
10,28,43.38,48.81,146.5338,58.4549,2.806,-15.199,47.0765,-86.8728,205,fhe,2.806,2,60.8483,27.9961
10,29,43.38,49.31,121.3907,58.6968,2.8522,-14.5062,47.326,-86.3999,205,fhe,2.8522,2,37.5437,29.3031
10,30,43.38,49.82,96.6753,58.9342,2.8989,-13.8051,47.5733,-85.9229,205,fhe,2.8989,2,10.137,29.6513
10,31,43.38,50.33,93.5454,59.1669,2.9462,-13.0957,47.8184,-85.4418,205,fhe,2.9462,2,10.137,29.5955
10,32,43.38,50.85,66.6844,59.395,2.9941,-12.3779,48.0613,-84.9565,205,fhe,2.9941,2,10.8882,25.7328
11,24,46.62,50.48,318.3355,57.0036,2.679,-17.1036,45.572,-88.1908,205,fhe,2.679,2,111.959,20.6877
11,25,46.62,50.96,321.9906,57.2431,2.7248,-16.4174,45.8106,-87.7155,205,fhe,2.7248,2,117.0782,22.0131
11,26,46.62,51.44,322.8871,57.4779,2.771,-15.7236,46.0468,-87.2368,205,fhe,2.771,2,140.0435,24.3236
11,27,46.62,51.93,302.9637,57.7079,2.8178,-15.0222,46.2807,-86.7547,205,fhe,2.8178,2,128.3933,24.8053
11,28,46.62,52.43,295.7293,57.933,2.865,-14.3132,46.5122,-86.269,205,fhe,2.865,2,126.0923,27.5111
11,29,46.62,52.93,221.104,58.1533,2.9128,-13.5966,46.7414,-85.7796,205,fhe,2.9128,2,120.9136,29.3031
11,30,46.62,53.44,144.2356,58.3687,2.9611,-12.8723,46.9682,-85.2865,205,fhe,2.9611,2,71.212,29.6415
12,26,49.86,54.99,370.8088,56.9721,2.8212,-14.9709,45.4988,-86.7202,205,fhe,2.8212,2,140.0435,17.8211
12,27,49.86,55.48,374.2135,57.1807,2.8693,-14.2489,45.7122,-86.2236,205,fhe,2.8693,2,128.3933,21.5481
12,28,49.86,55.98,370.8088,57.384,2.9179,-13.52,45.923,-85.7238,205,fhe,2.9179,2,124.5438,24.6678
12,29,49.86,56.48,341.2578,57.5823,2.967,-12.7841,46.1313,-85.2207,205,fhe,2.967,2,120.9136,28.6348
13,27,53.1,58.98,383.2926,56.6301,2.915,-13.5638,45.1219,-85.7492,205,fhe,2.915,2,124.1234,17.5463
13,28,53.1,59.47,378.7261,56.8113,2.9646,-12.8193,45.3115,-85.2377,205,fhe,2.9646,2,99.3243,17.8211
8,21,-30.07,-23.33,-62.7842,56.5228,3.0171,-12.0325,45.0046,-84.6922,33,bks,3.0171,3,33.2636,11.7984
9,21,-26.21,-18.71,-69.5153,56.8439,3.0932,-10.8914,45.3522,-83.9115,33,bks,3.0932,3,23.7394,12.7661
9,22,-26.21,-18.85,-106.0894,57.1798,3.0648,-11.3172,45.7066,-84.2098,33,bks,3.0648,3,38.8722,23.5103
9,23,-26.21,-19.0,-109.8016,57.5134,3.036,-11.7494,46.0595,-84.5111,33,bks,3.036,3,43.3383,23.8346
9,24,-26.21,-19.15,-70.9069,57.8449,3.0067,-12.1884,46.411,-84.8154,33,bks,3.0067,3,45.7499,22.0374
10,21,-22.35,-14.07,-62.7842,57.1163,3.1734,-9.6882,45.6562,-83.0901,33,bks,3.1734,3,23.8088,19.7887
10,22,-22.35,-14.17,-88.4119,57.4675,3.1487,-10.0586,46.0251,-83.3518,33,bks,3.1487,3,28.2482,23.8346
10,23,-22.35,-14.27,-70.9069,57.8169,3.1236,-10.4348,46.3926,-83.616,33,bks,3.1236,3,31.5051,23.8232
13,29,-10.77,0.19,52.7272,60.643,3.3297,-7.3427,49.4659,-81.5793,33,bks,3.3297,3,23.334,12.1471
13,30,-10.77,0.23,56.4424,61.0178,3.3158,-7.5525,49.8606,-81.7293,33,bks,3.3158,3,11.1733,8.541
14,29,-6.91,5.18,52.8255,60.7367,3.4589,-5.4052,49.6272,-80.2771,33,bks,3.4589,3,11.1733,8.982
10,33,43.38,51.37,51.2704,59.6184,3.0425,-11.6517,48.3021,-84.4669,205,fhe,3.0425,3,8.685,24.655
11,31,46.62,53.95,120.1883,58.5791,3.0099,-12.1403,47.1927,-84.7895,205,fhe,3.0099,3,22.1364,27.6753
11,32,46.62,54.46,112.0238,58.7846,3.0592,-11.4008,47.4149,-84.2887,205,fhe,3.0592,3,21.9629,24.505
11,33,46.62,54.98,94.7544,58.985,3.109,-10.6536,47.6347,-83.7839,205,fhe,3.109,3,21.2563,22.034
11,34,46.62,55.49,72.3826,59.1803,3.1593,-9.899,47.8522,-83.275,205,fhe,3.1593,3,17.2869,20.5988
11,35,46.62,56.01,63.7378,59.3704,3.2101,-9.1369,48.0673,-82.762,205,fhe,3.2101,3,16.3533,20.5988
11,36,46.62,56.53,55.8763,59.5553,3.2614,-8.3674,48.28,-82.2449,205,fhe,3.2614,3,19.0758,20.0572
12,30,49.86,56.98,268.7924,57.7752,3.0165,-12.0413,46.3372,-84.7141,205,fhe,3.0165,3,105.1417,28.9082
12,31,49.86,57.48,198.9014,57.963,3.0665,-11.2918,46.5406,-84.204,205,fhe,3.0665,3,84.9635,25.9062
12,32,49.86,57.99,185.4046,58.1454,3.1169,-10.5354,46.7414,-83.6904,205,fhe,3.1169,3,69.126,22.9878
12,33,49.86,58.5,163.6022,58.3225,3.1678,-9.7723,46.9398,-83.1732,205,fhe,3.1678,3,58.1687,21.044
12,34,49.86,59.0,137.2823,58.4942,3.2191,-9.0027,47.1357,-82.6523,205,fhe,3.2191,3,42.8298,19.4861
12,35,49.86,59.51,117.352,58.6604,3.2708,-8.2267,47.329,-82.1278,205,fhe,3.2708,3,34.1265,18.44
12,36,49.86,60.01,113.7411,58.8212,3.323,-7.4443,47.5199,-81.5995,205,fhe,3.323,3,28.5334,18.1686
12,37,49.86,60.52,100.1059,58.9764,3.3755,-6.6557,47.7081,-81.0674,205,fhe,3.3755,3,28.5334,16.5552
12,38,49.86,61.02,90.1998,59.126,3.4285,-5.8611,47.8938,-80.5316,205,fhe,3.4285,3,28.8004,14.8662
12,39,49.86,61.51,87.3345,59.27,3.4819,-5.0606,48.0769,-79.9919,205,fhe,3.4819,3,31.8227,13.4947
12,40,49.86,62.0,51.0084,59.4084,3.5356,-4.2545,48.2573,-79.4484,205,fhe,3.5356,3,26.8227,13.0231
13,29,53.1,59.96,377.5958,56.9872,3.0147,-12.0686,45.4986,-84.7233,205,fhe,3.0147,3,99.3243,25.7394
13,30,53.1,60.46,341.2578,57.1575,3.0651,-11.3118,45.683,-84.2058,205,fhe,3.0651,3,96.6999,26.0383
13,31,53.1,60.95,290.8698,57.3224,3.116,-10.549,45.8648,-83.6852,205,fhe,3.116,3,84.9635,24.2891
13,32,53.1,61.45,266.4479,57.4816,3.1672,-9.7805,46.044,-83.1614,205,fhe,3.1672,3,75.8126,22.034
13,33,53.1,61.94,246.9105,57.6353,3.2188,-9.0061,46.2205,-82.6345,205,fhe,3.2188,3,62.4268,20.5158
13,34,53.1,62.44,212.3149,57.7833,3.2708,-8.2262,46.3944,-82.1044,205,fhe,3.2708,3,58.6075,19.5158
13,35,53.1,62.93,195.3184,57.9256,3.3232,-7.4409,46.5657,-81.571,205,fhe,3.3232,3,49.6591,18.9212
13,36,53.1,63.42,161.3565,58.0622,3.3759,-6.6502,46.7343,-81.0343,205,fhe,3.3759,3,40.9399,18.2362
13,37,53.1,63.9,140.1654,58.193,3.429,-5.8545,46.9002,-80.4943,205,fhe,3.429,3,40.9399,17.1817
13,38,53.1,64.38,123.1871,58.318,3.4823,-5.0539,47.0634,-79.9511,205,fhe,3.4823,3,55.38,16.1163
13,39,53.1,64.86,123.1871,58.4372,3.536,-4.2486,47.2239,-79.4045,205,fhe,3.536,3,56.4677,14.8662
13,40,53.1,65.33,89.7736,58.5505,3.59,-3.4389,47.3817,-78.8545,205,fhe,3.59,3,55.38,14.8107
14,29,56.34,63.38,382.8022,56.3716,3.056,-11.449,44.8458,-84.2873,205,fhe,3.056,3,93.8057,16.0589
14,30,56.34,63.87,365.0782,56.5192,3.1071,-10.6823,45.0084,-83.7613,205,fhe,3.1071,3,86.0058,17.9774
14,31,56.34,64.35,304.9901,56.6611,3.1585,-9.9106,45.1683,-83.2327,205,fhe,3.1585,3,84.9635,18.4686
14,32,56.34,64.84,282.5512,56.7972,3.2103,-9.1339,45.3255,-82.7013,205,fhe,3.2103,3,83.5054,19.5158
14,33,56.34,65.32,270.4573,56.9275,3.2624,-8.3525,45.4799,-82.1671,205,fhe,3.2624,3,67.7519,20.0091
14,34,56.34,65.8,259.0869,57.0519,3.3148,-7.5665,45.6316,-81.6302,205,fhe,3.3148,3,58.6075,19.4757
14,35,56.34,66.28,234.8966,57.1704,3.3675,-6.776,45.7805,-81.0905,205,fhe,3.3675,3,58.6075,18.5336
14,36,56.34,66.75,219.746,57.2831,3.4205,-5.9814,45.9267,-80.548,205,fhe,3.4205,3,58.8773,18.1476
14,37,56.34,67.22,196.9453,57.3897,3.4737,-5.1827,46.07,-80.0027,205,fhe,3.4737,3,70.0787,17.1817
14,38,56.34,67.68,190.2963,57.4904,3.5272,-4.3802,46.2106,-79.4546,205,fhe,3.5272,3,99.3864,16.87
14,39,56.34,68.14,184.006,57.5851,3.581,-3.5741,46.3484,-78.9037,205,fhe,3.581,3,87.1732,16.2393
14,40,56.34,68.59,154.2138,57.6737,3.6349,-2.7648,46.4833,-78.35,205,fhe,3.6349,3,78.4185,16.2393
14,41,56.34,69.03,118.9869,57.7562,3.6891,-1.9523,46.6154,-77.7934,205,fhe,3.6891,3,67.6882,16.1322
15,31,59.58,67.69,290.8698,55.9827,3.1943,-9.374,44.4539,-82.8457,205,fhe,3.1943,3,99.8936,17.2649
15,32,59.58,68.17,275.2101,56.0959,3.2464,-8.5931,44.5889,-82.3089,205,fhe,3.2464,3,110.4031,17.2649
15,33,59.58,68.63,275.2101,56.203,3.2987,-7.8083,44.721,-81.7699,205,fhe,3.2987,3,83.5054,9.6463
15,34,59.58,69.1,269.8966,56.3041,3.3513,-7.0199,44.8503,-81.2286,205,fhe,3.3513,3,63.9714,10.8965
15,35,59.58,69.56,244.1046,56.3992,3.404,-6.2281,44.9768,-80.6849,205,fhe,3.404,3,58.6075,10.8965
15,36,59.58,70.02,234.3297,56.4881,3.457,-5.4331,45.1004,-80.139,205,fhe,3.457,3,68.1205,12.2864
15,37,59.58,70.47,219.746,56.571,3.5102,-4.6351,45.2211,-79.5907,205,fhe,3.5102,3,82.6842,12.7667
15,38,59.58,70.91,203.7755,56.6478,3.5636,-3.8343,45.339,-79.0401,205,fhe,3.5636,3,106.3743,13.5631
15,39,59.58,71.35,190.6922,56.7185,3.6172,-3.031,45.4539,-78.4873,205,fhe,3.6172,3,100.2617,15.7723
15,40,59.58,71.78,154.5406,56.7829,3.6709,-2.2254,45.566,-77.9321,205,fhe,3.6709,3,80.3733,15.9114
16,36,62.82,73.23,219.746,55.6816,3.4859,-5.0007,44.2586,-79.8052,205,fhe,3.4859,3,65.4646,10.6383
2,19,23.22,7.71,180.6842,58.7716,0.1962,-54.346,51.0381,-115.0809,207,cve,0.1962,0,159.8296,14.2009
2,20,23.22,7.74,129.5809,59.1826,0.2149,-54.065,51.4004,-114.7596,207,cve,0.2149,0,129.4715,23.937
2,21,23.22,7.79,76.5083,59.592,0.234,-53.7791,51.7611,-114.4358,207,cve,0.234,0,103.1968,24.7803
2,22,23.22,7.84,65.1503,59.9999,0.2534,-53.4877,52.1204,-114.1091,207,cve,0.2534,0,65.8656,22.2254
2,23,23.22,7.9,63.9213,60.4063,0.2732,-53.1905,52.4783,-113.7791,207,cve,0.2732,0,56.3883,19.6919
2,24,23.22,7.96,55.2912,60.8114,0.2935,-52.887,52.8349,-113.4457,207,cve,0.2935,0,45.807,19.4968
2,25,23.22,8.03,53.3869,61.2152,0.3141,-52.5769,53.1902,-113.1084,207,cve,0.3141,0,40.4833,21.7032
2,26,23.22,8.12,55.3231,61.6177,0.3353,-52.2598,53.5443,-112.7671,207,cve,0.3353,0,40.554,25.5485
2,27,23.22,8.21,58.1306,62.0189,0.3569,-51.9354,53.8973,-112.4216,207,cve,0.3569,0,46.4762,27.3445
3,19,26.46,11.3,218.8014,58.6744,0.2584,-53.4126,50.7985,-114.3733,207,cve,0.2584,0,175.7069,14.0457
3,20,26.46,11.36,195.1723,59.0783,0.2805,-53.0819,51.1477,-114.0189,207,cve,0.2805,0,169.7033,23.937
3,21,26.46,11.43,129.5809,59.4804,0.3029,-52.745,51.4951,-113.6616,207,cve,0.3029,0,112.641,24.9348
3,22,26.46,11.51,76.5083,59.8808,0.3258,-52.4014,51.8408,-113.3009,207,cve,0.3258,0,72.8878,22.8726
3,23,26.46,11.6,68.6473,60.2796,0.3492,-52.0508,52.185,-112.9367,207,cve,0.3492,0,60.3254,21.8119
3,24,26.46,11.7,65.1503,60.6769,0.3731,-51.6926,52.5277,-112.5685,207,cve,0.3731,0,55.5317,20.8627
3,25,26.46,11.81,59.4713,61.0726,0.3975,-51.3266,52.869,-112.1961,207,cve,0.3975,0,45.807,21.9335
3,26,26.46,11.93,58.8989,61.4668,0.4224,-50.9522,53.2089,-111.8194,207,cve,0.4224,0,43.6931,25.2188
3,27,26.46,12.06,59.4713,61.8596,0.448,-50.5692,53.5475,-111.4379,207,cve,0.448,0,44.2162,28.5798
4,19,29.7,14.89,305.6875,58.5422,0.3188,-52.5066,50.5301,-113.6975,207,cve,0.3188,0,182.5184,12.4572
4,20,29.7,14.98,280.0634,58.9373,0.344,-52.1282,50.8648,-113.3121,207,cve,0.344,0,184.1405,23.4726
4,21,29.7,15.08,180.6842,59.3304,0.3698,-51.7425,51.1976,-112.9235,207,cve,0.3698,0,179.2588,25.7794
4,22,29.7,15.19,98.4878,59.7216,0.396,-51.3492,51.5286,-112.5312,207,cve,0.396,0,80.8821,24.4658
4,23,29.7,15.31,79.1666,60.111,0.4227,-50.9478,51.8578,-112.135,207,cve,0.4227,0,65.8969,22.4623
4,24,29.7,15.44,72.2307,60.4985,0.4501,-50.5378,52.1854,-111.7347,207,cve,0.4501,0,62.0821,21.9795
4,25,29.7,15.59,65.2051,60.8843,0.478,-50.1188,52.5113,-111.3299,207,cve,0.478,0,60.9212,21.9795
4,26,29.7,15.74,59.4713,61.2684,0.5066,-49.6903,52.8356,-110.9204,207,cve,0.5066,0,52.8651,24.6942
4,27,29.7,15.91,59.1548,61.6507,0.5358,-49.2521,53.1584,-110.5061,207,cve,0.5358,0,52.8651,26.311
4,28,29.7,16.09,55.1277,62.0312,0.5657,-48.8036,53.4796,-110.0866,207,cve,0.5657,0,57.9167,26.0354
5,19,32.94,18.48,365.153,58.376,0.3771,-51.6328,50.2344,-113.0561,207,cve,0.3771,0,186.6311,13.5438
5,20,32.94,18.6,341.4498,58.7607,0.4053,-51.2092,50.5535,-112.6419,207,cve,0.4053,0,194.8128,21.705
5,21,32.94,18.73,213.8083,59.1432,0.4341,-50.7775,50.8705,-112.2242,207,cve,0.4341,0,184.1405,26.2151
5,22,32.94,18.87,160.2308,59.5235,0.4634,-50.3373,51.1855,-111.8028,207,cve,0.4634,0,130.0863,26.3238
5,23,32.94,19.02,99.727,59.9017,0.4934,-49.8881,51.4985,-111.3773,207,cve,0.4934,0,74.0868,24.4658
5,24,32.94,19.18,83.606,60.2779,0.524,-49.4295,51.8097,-110.9474,207,cve,0.524,0,69.021,23.0819
5,25,32.94,19.35,77.9217,60.652,0.5552,-48.961,52.1191,-110.513,207,cve,0.5552,0,74.5152,23.0609
5,26,32.94,19.54,65.2845,61.0241,0.5871,-48.4822,52.4266,-110.0738,207,cve,0.5871,0,68.6036,23.0819
5,27,32.94,19.75,56.7847,61.3941,0.6197,-47.9927,52.7324,-109.6296,207,cve,0.6197,0,62.0989,24.7409
5,28,32.94,19.97,54.6157,61.762,0.6531,-47.4921,53.0364,-109.1802,207,cve,0.6531,0,62.0989,24.4333
6,20,36.18,22.21,392.2195,58.5499,0.4639,-50.3297,50.2152,-112.0105,207,cve,0.4639,0,233.5206,20.3581
6,21,36.18,22.36,387.2239,58.9202,0.4956,-49.855,50.5153,-111.5663,207,cve,0.4956,0,224.7997,26.3238
6,22,36.18,22.53,187.1588,59.288,0.5278,-49.3711,50.8133,-111.1182,207,cve,0.5278,0,146.3398,26.573
6,23,36.18,22.71,158.7346,59.6535,0.5608,-48.8775,51.1091,-110.666,207,cve,0.5608,0,100.035,26.1188
6,24,36.18,22.9,113.2529,60.0167,0.5943,-48.374,51.4028,-110.2094,207,cve,0.5943,0,75.9746,24.0872
6,25,36.18,23.11,89.1985,60.3775,0.6286,-47.8599,51.6945,-109.7483,207,cve,0.6286,0,71.1935,23.0819
6,26,36.18,23.33,77.8416,60.7359,0.6636,-47.3349,51.9842,-109.2823,207,cve,0.6636,0,65.9358,23.4246
6,27,36.18,23.57,65.2845,61.092,0.6993,-46.7986,52.2719,-108.8114,207,cve,0.6993,0,67.4291,23.4246
6,28,36.18,23.82,61.6635,61.4456,0.7359,-46.2506,52.5576,-108.3354,207,cve,0.7359,0,67.4291,22.8907
6,29,36.18,24.09,55.1535,61.7967,0.7732,-45.6905,52.8412,-107.8539,207,cve,0.7732,0,60.1612,14.8441
7,21,39.42,25.99,615.7123,58.6628,0.554,-48.9794,50.1339,-110.9516,207,cve,0.554,0,242.4877,23.7973
7,22,39.42,26.18,577.0076,59.0168,0.5889,-48.4554,50.4138,-110.4794,207,cve,0.5889,0,221.4918,26.494
7,23,39.42,26.39,187.1588,59.3682,0.6245,-47.9212,50.6914,-110.0033,207,cve,0.6245,0,107.8679,26.9549
7,24,39.42,26.61,159.5057,59.7168,0.6608,-47.3767,50.9668,-109.5228,207,cve,0.6608,0,81.6784,25.9386
7,25,39.42,26.84,115.6923,60.0629,0.6978,-46.8212,51.2399,-109.0379,207,cve,0.6978,0,56.0394,23.8484
7,26,39.42,27.09,88.1359,60.4062,0.7356,-46.2544,51.5107,-108.5482,207,cve,0.7356,0,48.9428,24.2227
7,27,39.42,27.36,73.6758,60.7468,0.7742,-45.6761,51.7794,-108.0538,207,cve,0.7742,0,46.6194,23.925
7,28,39.42,27.64,68.3831,61.0846,0.8135,-45.0856,52.0458,-107.5543,207,cve,0.8135,0,50.5231,23.2964
7,29,39.42,27.94,62.004,61.4195,0.8537,-44.4828,52.31,-107.0497,207,cve,0.8537,0,47.7748,21.6441
8,22,42.66,29.82,703.5563,58.7117,0.6463,-47.5944,49.9892,-109.8883,207,cve,0.6463,0,242.4877,26.494
8,23,42.66,30.05,446.5037,59.0475,0.6843,-47.0236,50.2477,-109.3908,207,cve,0.6843,0,175.518,27.8088
8,24,42.66,30.29,189.3317,59.3804,0.7231,-46.4421,50.5038,-108.8893,207,cve,0.7231,0,106.3102,27.0786
8,25,42.66,30.55,159.5057,59.7103,0.7626,-45.8496,50.7574,-108.3834,207,cve,0.7626,0,72.755,26.8461
8,26,42.66,30.82,117.9073,60.0372,0.8029,-45.2457,51.0086,-107.8732,207,cve,0.8029,0,48.9428,26.6465
8,27,42.66,31.12,89.5147,60.361,0.8439,-44.6301,51.2574,-107.3583,207,cve,0.8439,0,35.8872,26.933
8,28,42.66,31.43,76.6516,60.6817,0.8858,-44.0024,51.5038,-106.8386,207,cve,0.8858,0,33.2844,25.4837
8,29,42.66,31.75,67.4708,60.9992,0.9284,-43.3623,51.7478,-106.3141,207,cve,0.9284,0,35.8872,24.2343
8,30,42.66,32.1,51.7134,61.3134,0.972,-42.7095,51.9893,-105.7845,207,cve,0.972,0,33.4501,21.6441
9,23,45.9,33.68,461.4401,58.6937,0.74,-46.1881,49.78,-108.83,207,cve,0.74,0,236.5355,26.5917
9,24,45.9,33.95,341.0987,59.0096,0.781,-45.574,50.0161,-108.3101,207,cve,0.781,0,195.8987,27.8088
9,25,45.9,34.23,220.8066,59.3222,0.8227,-44.949,50.2496,-107.7862,207,cve,0.8227,0,121.3722,27.8088
9,26,45.9,34.52,155.1402,59.6315,0.8651,-44.3126,50.4804,-107.2582,207,cve,0.8651,0,87.6244,28.4311
9,27,45.9,34.84,118.9203,59.9374,0.9083,-43.6647,50.7087,-106.7259,207,cve,0.9083,0,36.8597,28.3502
9,28,45.9,35.17,104.8836,60.2399,0.9523,-43.0049,50.9343,-106.1892,207,cve,0.9523,0,35.8872,27.8962
9,29,45.9,35.52,87.0458,60.5388,0.9971,-42.3329,51.1574,-105.648,207,cve,0.9971,0,38.9041,25.4837
10,24,49.14,37.57,389.28,58.6067,0.8342,-44.7752,49.506,-107.7861,207,cve,0.8342,0,236.5355,26.2469
10,25,49.14,37.87,305.659,58.901,0.8778,-44.1221,49.7187,-107.247,207,cve,0.8778,0,195.8987,26.3909
10,26,49.14,38.19,224.3157,59.1917,0.9221,-43.458,49.9286,-106.7041,207,cve,0.9221,0,121.3722,28.0809
10,27,49.14,38.52,161.0301,59.4787,0.9671,-42.7826,50.1357,-106.1574,207,cve,0.9671,0,87.6244,28.0695
11,24,52.38,41.16,461.3958,58.1742,0.8827,-44.0476,48.9757,-107.3176,207,cve,0.8827,0,233.5449,22.4233
11,25,52.38,41.48,362.9501,58.4493,0.9279,-43.3709,49.1671,-106.766,207,cve,0.9279,0,212.5418,25.4967
11,26,52.38,41.81,305.659,58.7206,0.9737,-42.6837,49.3556,-106.2111,207,cve,0.9737,0,166.2231,25.4967
3,22,-47.54,-65.65,-98.1178,53.6511,23.0043,-72.2242,49.2307,-131.7041,206,cvw,-0.9957,0,3.7438,21.9903
4,22,-44.3,-62.54,-95.7624,54.2058,23.0283,-71.8649,49.6945,-131.193,206,cvw,-0.9717,0,2.9759,21.9903
5,22,-41.06,-59.43,-93.206,54.7494,23.0562,-71.4454,50.1358,-130.6328,206,cvw,-0.9438,0,2.7519,21.8695
5,23,-41.06,-59.53,-96.4633,54.9177,23.0168,-72.0372,50.4114,-131.1091,206,cvw,-0.9832,0,2.7277,25.4305
6,21,-37.82,-56.18,-87.9356,55.0852,23.1265,-70.3907,50.256,-129.5768,206,cvw,-0.8735,0,7.2215,17.1941
6,22,-37.82,-56.3,-90.0795,55.2796,23.0882,-70.9652,50.5526,-130.0247,206,cvw,-0.9118,0,2.2107,19.3766
6,23,-37.82,-56.41,-93.206,55.4704,23.0497,-71.5434,50.8464,-130.4776,206,cvw,-0.9503,0,1.7506,20.4079
6,24,-37.82,-56.51,-95.6684,55.6576,23.0109,-72.1255,51.1374,-130.9359,206,cvw,-0.9891,0,1.8978,19.0513
7,21,-34.58,-53.02,-86.6203,55.5776,23.1615,-69.8666,50.6294,-128.9483,206,cvw,-0.8385,0,7.2215,12.2865
7,22,-34.58,-53.15,-88.7807,55.7941,23.1243,-70.4238,50.943,-129.3701,206,cvw,-0.8757,0,2.2107,17.1941
7,23,-34.58,-53.27,-92.6836,56.0072,23.0869,-70.9853,51.254,-129.797,206,cvw,-0.9131,0,2.2107,17.4444
7,24,-34.58,-53.39,-95.9409,56.2169,23.0492,-71.5512,51.5626,-130.2293,206,cvw,-0.9508,0,3.042,14.2616
7,25,-34.58,-53.5,-97.1009,56.4232,23.0111,-72.1216,51.8688,-130.667,206,cvw,-0.9889,0,6.2253,11.4439
8,20,-31.34,-49.71,-81.0982,55.811,23.2357,-68.7529,50.6436,-127.8899,206,cvw,-0.7643,0,7.2215,10.7024
8,21,-31.34,-49.85,-81.6205,56.0524,23.2003,-69.2848,50.9756,-128.278,206,cvw,-0.7997,0,7.1301,12.2865
8,22,-31.34,-49.98,-88.7807,56.2906,23.1645,-69.8213,51.3051,-128.6711,206,cvw,-0.8355,0,4.9794,12.2865
8,23,-31.34,-50.12,-92.6836,56.5255,23.1284,-70.3626,51.6324,-129.0692,206,cvw,-0.8716,0,4.9794,10.9781
8,24,-31.34,-50.24,-100.3566,56.7573,23.092,-70.9089,51.9575,-129.4726,206,cvw,-0.908,0,4.9794,8.4536
9,20,-28.1,-46.51,-80.1537,56.2451,23.2767,-68.1382,50.9463,-127.2113,206,cvw,-0.7233,0,7.1301,13.3629
9,23,-28.1,-46.94,-96.6386,57.0228,23.1742,-69.6759,51.9797,-128.2967,206,cvw,-0.8258,0,22.5904,6.7907
10,27,-24.86,-44.32,-728.8666,58.5777,23.0896,-70.9448,53.7021,-128.8633,206,cvw,-0.9104,0,226.1224,19.4141
10,28,-24.86,-44.46,-750.4425,58.8415,23.0549,-71.4649,54.0502,-129.2221,206,cvw,-0.9451,0,211.8477,19.9145
10,29,-24.86,-44.6,-753.5878,59.1027,23.0198,-71.9915,54.3969,-129.5868,206,cvw,-0.9802,0,211.8477,19.9741
11,23,-21.62,-40.5,-123.3724,57.9443,23.2783,-68.1137,52.5736,-126.6296,206,cvw,-0.7217,0,101.737,5.6225
11,24,-21.62,-40.66,-124.7737,58.2385,23.2473,-68.5786,52.9408,-126.9302,206,cvw,-0.7527,0,101.737,5.6225
11,25,-21.62,-40.81,-728.8666,58.5304,23.216,-69.0494,53.3065,-127.2355,206,cvw,-0.784,0,185.8141,12.9586
11,26,-21.62,-40.97,-895.467,58.8199,23.1842,-69.5264,53.6709,-127.5456,206,cvw,-0.8158,0,235.1421,19.5577
11,27,-21.62,-41.12,-728.8666,59.1071,23.1519,-70.0097,54.0339,-127.8607,206,cvw,-0.8481,0,224.0473,21.4308
11,28,-21.62,-41.28,-724.6716,59.392,23.1193,-70.4996,54.3957,-128.181,206,cvw,-0.8807,0,211.8477,21.4308
11,29,-21.62,-41.43,-658.9243,59.6746,23.0862,-70.9962,54.7562,-128.5068,206,cvw,-0.9138,0,193.9877,21.3378
11,30,-21.62,-41.58,-164.3891,59.9549,23.0526,-71.4998,55.1155,-128.8381,206,cvw,-0.9474,0,193.8518,21.491
11,31,-21.62,-41.73,-131.9264,60.2329,23.0185,-72.0106,55.4736,-129.1752,206,cvw,-0.9815,0,174.6802,21.5109
12,23,-18.38,-37.24,-700.452,58.3635,23.3365,-67.2417,52.817,-125.7423,206,cvw,-0.6635,0,185.8141,10.7115
12,24,-18.38,-37.4,-723.9586,58.6767,23.3078,-67.6716,53.1954,-126.0037,206,cvw,-0.6922,0,188.3216,12.9586
12,25,-18.38,-37.56,-822.8627,58.9878,23.2788,-68.1074,53.5726,-126.2692,206,cvw,-0.7212,0,218.2353,19.5577
12,26,-18.38,-37.72,-728.8666,59.2969,23.2493,-68.5494,53.9486,-126.539,206,cvw,-0.7507,0,235.1421,24.0973
12,27,-18.38,-37.89,-574.6419,59.604,23.2194,-68.9977,54.3234,-126.8133,206,cvw,-0.7806,0,224.0473,22.9436
12,28,-18.38,-38.05,-540.0219,59.909,23.1891,-69.4527,54.6972,-127.0923,206,cvw,-0.8109,0,183.1952,22.0482
12,29,-18.38,-38.21,-121.4757,60.212,23.1583,-69.9145,55.07,-127.3761,206,cvw,-0.8417,0,114.8662,21.696
13,23,-15.14,-33.93,-796.6189,58.7518,23.3984,-66.3124,53.0229,-124.8246,206,cvw,-0.6016,0,217.3044,22.4683
13,24,-15.14,-34.1,-796.6189,59.0828,23.3724,-66.7034,53.4109,-125.0447,206,cvw,-0.6276,0,235.3643,26.1068
13,25,-15.14,-34.27,-700.452,59.412,23.3459,-67.1001,53.7979,-125.2683,206,cvw,-0.6541,0,241.7321,26.1442
13,26,-15.14,-34.43,-492.4761,59.7395,23.3191,-67.5028,54.1838,-125.4955,206,cvw,-0.6809,0,231.9953,25.3659
13,27,-15.14,-34.6,-192.3786,60.0652,23.2918,-67.9116,54.5689,-125.7265,206,cvw,-0.7082,0,209.54,23.9891
13,28,-15.14,-34.77,-60.2303,60.3891,23.2641,-68.3268,54.953,-125.9615,206,cvw,-0.7359,0,113.7946,23.7497
14,22,-11.9,-30.43,-685.105,58.7578,23.4869,-64.986,52.7929,-123.707,206,cvw,-0.5131,0,238.2651,22.9959
14,23,-11.9,-30.59,-711.0645,59.1069,23.464,-65.3293,53.19,-123.8814,206,cvw,-0.536,0,253.9594,26.7185
14,24,-11.9,-30.76,-659.3555,59.4544,23.4407,-65.6776,53.5859,-124.0583,206,cvw,-0.5593,0,261.4067,27.2287
14,25,-11.9,-30.93,-413.1007,59.8003,23.4172,-66.0311,53.981,-124.238,206,cvw,-0.5828,0,241.7321,26.842
14,26,-11.9,-31.1,-145.6962,60.1448,23.3932,-66.3901,54.3752,-124.4206,206,cvw,-0.6068,0,216.1163,24.2441
14,27,-11.9,-31.27,-54.8068,60.4878,23.3689,-66.7548,54.7686,-124.6062,206,cvw,-0.6311,0,73.919,24.0466
15,21,-8.66,-26.89,-632.0884,58.6973,23.5722,-63.7055,52.5099,-122.6579,206,cvw,-0.4278,0,231.0653,22.0881
15,22,-8.66,-27.05,-632.0884,59.0627,23.5526,-63.9991,52.9141,-122.7869,206,cvw,-0.4474,0,253.9594,27.5149
15,23,-8.66,-27.22,-632.0884,59.4265,23.5328,-64.2966,53.3172,-122.9175,206,cvw,-0.4672,0,258.1107,28.7587
15,24,-8.66,-27.38,-322.1495,59.789,23.5127,-64.5984,53.7194,-123.0499,206,cvw,-0.4873,0,238.2651,28.7264
15,25,-8.66,-27.54,-142.0661,60.1502,23.4923,-64.9048,54.1208,-123.1842,206,cvw,-0.5077,0,210.2163,23.9891
15,26,-8.66,-27.71,-60.0483,60.5102,23.4715,-65.216,54.5214,-123.3204,206,cvw,-0.5285,0,81.2203,23.0786
16,20,-5.42,-23.33,-467.6405,58.5738,23.6537,-62.4828,52.1784,-121.6833,206,cvw,-0.3463,0,196.953,14.1101
16,21,-5.42,-23.49,-508.1474,58.9535,23.6376,-62.7253,52.588,-121.7676,206,cvw,-0.3624,0,231.0653,25.5011
16,22,-5.42,-23.64,-508.1474,59.3318,23.6212,-62.9707,52.9964,-121.8526,206,cvw,-0.3788,0,248.8816,29.7214
16,23,-5.42,-23.79,-298.431,59.7088,23.6046,-63.2192,53.4039,-121.9384,206,cvw,-0.3954,0,238.2651,29.5469
16,24,-5.42,-23.95,-111.1065,60.0847,23.5878,-63.4712,53.8105,-122.0251,206,cvw,-0.4122,0,180.9737,24.1947
16,25,-5.42,-24.11,-57.0821,60.4594,23.5708,-63.7268,54.2163,-122.1128,206,cvw,-0.4292,0,88.4242,22.2173
17,20,-2.18,-19.9,-410.7992,58.783,23.718,-61.5191,52.2163,-120.8282,206,cvw,-0.282,0,214.8931,19.5754
17,21,-2.18,-20.04,-419.4861,59.1738,23.7051,-61.7117,52.6284,-120.8688,206,cvw,-0.2949,0,247.2383,27.5072
17,22,-2.18,-20.19,-298.9718,59.5634,23.6922,-61.9062,53.0394,-120.9093,206,cvw,-0.3078,0,248.8816,30.213
17,23,-2.18,-20.33,-161.0746,59.9518,23.6791,-62.1029,53.4494,-120.9497,206,cvw,-0.3209,0,224.2806,27.9369
17,24,-2.18,-20.48,-53.5173,60.3393,23.6658,-62.3018,53.8585,-120.99,206,cvw,-0.3342,0,93.2198,20.8542
18,19,1.06,-16.31,-330.6796,58.5554,23.7933,-60.3895,51.8038,-119.9718,206,cvw,-0.2067,0,148.0948,14.1101
18,20,1.06,-16.44,-330.6796,58.9568,23.7839,-60.5297,52.218,-119.9697,206,cvw,-0.2161,0,202.1265,24.3633
18,21,1.06,-16.57,-329.1862,59.3569,23.7746,-60.6703,52.6309,-119.9665,206,cvw,-0.2254,0,248.2454,30.1258
18,22,1.06,-16.7,-173.882,59.756,23.7651,-60.8116,53.0426,-119.9622,206,cvw,-0.2349,0,236.7181,30.1258
18,23,1.06,-16.83,-50.738,60.1541,23.7557,-60.9539,53.4534,-119.9569,206,cvw,-0.2443,0,147.028,22.8091
19,19,4.3,-12.83,-266.6787,58.6851,23.8571,-59.4323,51.7701,-119.1576,206,cvw,-0.1429,0,118.4375,12.8917
19,20,4.3,-12.94,-258.0962,59.094,23.8512,-59.5201,52.1834,-119.1126,206,cvw,-0.1488,0,149.6852,27.9003
19,21,4.3,-13.05,-207.0821,59.5017,23.8455,-59.607,52.5954,-119.0656,206,cvw,-0.1545,0,202.1265,30.5201
19,22,4.3,-13.17,-68.5408,59.9084,23.8397,-59.6933,53.0061,-119.0167,206,cvw,-0.1603,0,183.7141,28.3768
20,19,7.54,-9.32,-200.3424,58.7792,23.9218,-58.462,51.7018,-118.3487,206,cvw,-0.0782,0,121.6287,13.8118
20,20,7.54,-9.42,-191.1591,59.1938,23.9195,-58.4962,52.1127,-118.2613,206,cvw,-0.0805,0,141.5163,28.494
20,21,7.54,-9.51,-110.9781,59.6072,23.9174,-58.5283,52.522,-118.1711,206,cvw,-0.0826,0,148.442,29.536
21,19,10.78,-5.79,-157.2834,58.837,23.987,-57.4842,51.5991,-117.5493,206,cvw,-0.013,0,121.6287,15.6875
21,20,10.78,-5.87,-124.2765,59.2555,23.9883,-57.4643,52.0059,-117.4204,206,cvw,-0.0117,0,126.3976,27.2439
21,21,10.78,-5.94,-71.698,59.6727,23.9899,-57.4408,52.4109,-117.2878,206,cvw,-0.0101,0,120.6465,27.8726
22,19,14.02,-2.24,-68.7003,58.858,0.0523,-56.5046,51.4624,-116.7635,206,cvw,0.0523,0,121.6287,15.6875
22,20,14.02,-2.3,-64.273,59.2785,0.0572,-56.4306,51.8635,-116.5941,206,cvw,0.0572,0,120.8096,25.1069
9,30,45.9,35.88,68.3831,60.8341,1.0427,-41.6484,51.3778,-105.1021,207,cve,1.0427,1,38.9041,23.5971
9,31,45.9,36.27,51.9146,61.1257,1.0892,-40.9513,51.5957,-104.5515,207,cve,1.0892,1,38.7367,21.6253
10,28,49.14,38.87,118.9203,59.762,1.0129,-42.0958,50.3401,-105.6066,207,cve,1.0129,1,41.0314,27.4581
10,29,49.14,39.23,105.6577,60.0415,1.0594,-41.3972,50.5417,-105.0517,207,cve,1.0594,1,40.7885,25.8444
10,30,49.14,39.62,97.0369,60.317,1.1068,-40.6867,50.7406,-104.4927,207,cve,1.1068,1,39.2065,23.4128
10,31,49.14,40.02,77.8343,60.5885,1.155,-39.964,50.9367,-103.9294,207,cve,1.155,1,38.9041,21.6253
10,32,49.14,40.44,65.1381,60.8559,1.204,-39.229,51.13,-103.3618,207,cve,1.204,1,34.9693,20.2155
10,33,49.14,40.88,54.6106,61.119,1.2538,-38.4815,51.3204,-102.7898,207,cve,1.2538,1,33.7929,19.5719
10,34,49.14,41.34,53.7822,61.3779,1.3045,-37.7214,51.5081,-102.2134,207,cve,1.3045,1,32.1242,19.3131
11,27,52.38,42.15,244.6312,58.9879,1.0202,-41.9857,49.5412,-105.6526,207,cve,1.0202,1,130.1075,25.5447
11,28,52.38,42.51,179.0293,59.2511,1.0675,-41.2767,49.7238,-105.0906,207,cve,1.0675,1,107.6842,25.4206
11,29,52.38,42.89,145.522,59.5103,1.1155,-40.5567,49.9036,-104.525,207,cve,1.1155,1,73.308,24.072
11,30,52.38,43.29,125.266,59.7653,1.1642,-39.8254,50.0805,-103.9558,207,cve,1.1642,1,49.9459,22.7676
11,31,52.38,43.7,109.9927,60.0161,1.2137,-39.0827,50.2544,-103.3828,207,cve,1.2137,1,45.5844,21.5062
11,32,52.38,44.13,95.0116,60.2624,1.264,-38.3284,50.4255,-102.806,207,cve,1.264,1,34.9693,20.2155
11,33,52.38,44.58,90.876,60.5042,1.3151,-37.5625,50.5936,-102.2254,207,cve,1.3151,1,32.1242,19.3763
11,34,52.38,45.05,69.7619,60.7414,1.3669,-36.7849,50.7587,-101.641,207,cve,1.3669,1,31.8214,19.043
11,35,52.38,45.54,62.9693,60.9739,1.4196,-35.9954,50.9208,-101.0526,207,cve,1.4196,1,31.8214,18.4945
12,26,55.62,45.39,358.8412,58.2207,1.0199,-41.9906,48.7639,-105.7788,207,cve,1.0199,1,212.5418,21.6924
12,27,55.62,45.74,290.4995,58.4676,1.0676,-41.2746,48.9276,-105.2114,207,cve,1.0676,1,155.4609,22.1243
12,28,55.62,46.11,265.7351,58.7103,1.116,-40.5483,49.0883,-104.6409,207,cve,1.116,1,125.7094,22.377
12,29,55.62,46.5,231.3556,58.9486,1.1651,-39.8117,49.2459,-104.0673,207,cve,1.1651,1,107.6842,22.377
12,30,55.62,46.91,200.7756,59.1825,1.2149,-39.0646,49.4005,-103.4906,207,cve,1.2149,1,87.689,21.1253
12,31,55.62,47.33,146.4815,59.412,1.2655,-38.307,49.5521,-102.9107,207,cve,1.2655,1,76.6058,20.6516
12,32,55.62,47.76,131.7651,59.6368,1.3167,-37.5387,49.7006,-102.3275,207,cve,1.3167,1,45.5844,19.7569
12,33,55.62,48.22,121.7891,59.8568,1.3686,-36.7598,49.8461,-101.7412,207,cve,1.3686,1,38.3939,19.3763
12,34,55.62,48.69,101.3745,60.0721,1.4212,-35.9701,49.9885,-101.1515,207,cve,1.4212,1,36.1684,18.3271
12,35,55.62,49.17,82.814,60.2824,1.4746,-35.1698,50.1278,-100.5586,207,cve,1.4746,1,36.1684,17.706
12,36,55.62,49.67,64.7672,60.4876,1.5287,-34.3587,50.264,-99.9625,207,cve,1.5287,1,33.4167,17.4131
12,37,55.62,50.19,55.1226,60.6877,1.5835,-33.5369,50.3971,-99.3631,207,cve,1.5835,1,31.0589,16.9825
13,27,58.86,49.29,303.5469,57.9208,1.1093,-40.6493,48.2976,-104.8331,207,cve,1.1093,1,134.5519,17.1777
13,28,58.86,49.67,301.3778,58.1424,1.1586,-39.9102,48.436,-104.2566,207,cve,1.1586,1,117.6495,17.1777
13,29,58.86,50.06,285.1427,58.3594,1.2085,-39.1615,48.5713,-103.6776,207,cve,1.2085,1,116.5049,16.826
13,30,58.86,50.47,237.0563,58.5719,1.259,-38.4033,48.7035,-103.0959,207,cve,1.259,1,112.9668,18.3011
13,31,58.86,50.89,219.5072,58.7796,1.3102,-37.6355,48.8325,-102.5117,207,cve,1.3102,1,103.2339,18.3011
13,32,58.86,51.33,200.7944,58.9826,1.362,-36.8581,48.9584,-101.9248,207,cve,1.362,1,74.576,19.0485
13,33,58.86,51.78,164.8865,59.1806,1.4145,-36.0711,49.0812,-101.3352,207,cve,1.4145,1,56.6052,19.0199
13,34,58.86,52.25,147.8495,59.3737,1.4676,-35.2745,49.2008,-100.743,207,cve,1.4676,1,55.5127,17.4259
13,35,58.86,52.73,118.1139,59.5616,1.5214,-34.4683,49.3172,-100.1481,207,cve,1.5214,1,55.5127,17.0997
13,36,58.86,53.23,90.864,59.7444,1.5757,-33.6526,49.4305,-99.5507,207,cve,1.5757,1,39.2179,16.344
13,37,58.86,53.74,84.8527,59.9218,1.6308,-32.8275,49.5406,-98.9505,207,cve,1.6308,1,36.6467,15.5322
13,38,58.86,54.27,68.6473,60.0938,1.6864,-31.993,49.6474,-98.3478,207,cve,1.6864,1,31.499,14.2101
13,39,58.86,54.81,56.79,60.2602,1.7426,-31.1492,49.7511,-97.7425,207,cve,1.7426,1,29.4877,13.0401
14,29,62.1,53.56,301.3778,57.7458,1.2456,-38.6048,47.8825,-103.3545,207,cve,1.2456,1,111.9357,15.9915
14,30,62.1,53.97,299.0393,57.9365,1.2966,-37.8398,47.9922,-102.7703,207,cve,1.2966,1,116.5049,15.9915
14,31,62.1,54.39,256.5666,58.1224,1.3482,-37.0662,48.0986,-102.1841,207,cve,1.3482,1,120.5786,13.2736
14,32,62.1,54.83,230.1657,58.3033,1.4003,-36.2841,48.2019,-101.5958,207,cve,1.4003,1,111.5251,13.2736
14,33,62.1,55.28,224.6428,58.4792,1.453,-35.4935,48.3019,-101.0054,207,cve,1.453,1,99.9531,15.2577
14,34,62.1,55.74,216.768,58.65,1.5063,-34.6944,48.3987,-100.4129,207,cve,1.5063,1,99.9531,11.2875
14,35,62.1,56.22,213.1593,58.8155,1.5601,-33.8869,48.4924,-99.8185,207,cve,1.5601,1,103.9048,11.9463
14,36,62.1,56.71,211.7778,58.9758,1.6145,-33.0711,48.5827,-99.222,207,cve,1.6145,1,103.9048,12.8277
14,37,62.1,57.21,154.4437,59.1306,1.6694,-32.2471,48.6699,-98.6235,207,cve,1.6694,1,78.5409,12.3112
14,38,62.1,57.72,131.715,59.2799,1.7249,-31.4151,48.7538,-98.023,207,cve,1.7249,1,70.2067,11.0636
14,39,62.1,58.25,125.792,59.4236,1.7809,-30.5751,48.8344,-97.4205,207,cve,1.7809,1,78.5409,10.3939
14,40,62.1,58.79,115.4975,59.5616,1.8374,-29.7274,48.9118,-96.8162,207,cve,1.8374,1,84.7901,10.1828
14,41,62.1,59.34,83.5748,59.6937,1.8944,-28.8721,48.9858,-96.21,207,cve,1.8944,1,45.3772,9.931
15,33,65.34,58.71,239.9161,57.7559,1.4844,-35.0231,47.5112,-100.7493,207,cve,1.4844,1,122.9039,11.046
15,34,65.34,59.17,230.1657,57.9044,1.5376,-34.2256,47.5854,-100.1588,207,cve,1.5376,1,122.9039,10.4437
15,35,65.34,59.64,307.7472,58.0477,1.5912,-33.4208,47.6563,-99.5668,207,cve,1.5912,1,118.3562,10.4437
15,36,65.34,60.11,306.4036,58.1856,1.6453,-32.6089,47.7239,-98.9733,207,cve,1.6453,1,118.7741,10.9708
15,37,65.34,60.6,298.6686,58.318,1.6999,-31.79,47.7883,-98.3785,207,cve,1.6999,1,117.7635,10.3939
15,38,65.34,61.1,287.3117,58.4448,1.755,-30.9644,47.8494,-97.7823,207,cve,1.755,1,96.8348,9.7741
15,39,65.34,61.61,226.2058,58.5661,1.8104,-30.1321,47.9072,-97.1847,207,cve,1.8104,1,113.1127,9.5706
15,40,65.34,62.13,200.2823,58.6815,1.8664,-29.2933,47.9618,-96.5858,207,cve,1.8664,1,128.6562,8.8751
16,38,68.58,64.41,298.6686,57.5923,1.777,-30.634,46.9374,-97.622,207,cve,1.777,1,100.0912,9.7741
16,39,68.58,64.91,291.175,57.6914,1.8317,-29.8126,46.9727,-97.031,207,cve,1.8317,1,128.6562,8.3367
0,19,10.98,7.23,50.5583,57.9366,1.8186,-30.0092,47.2433,-97.1504,205,fhe,1.8186,1,61.3742,13.0857
1,19,14.22,11.07,82.6609,57.9006,1.8874,-28.9775,47.1246,-96.4245,205,fhe,1.8874,1,57.7146,14.7559
1,20,14.22,11.27,78.4729,58.2954,1.9026,-28.7496,47.5184,-96.2342,205,fhe,1.9026,1,60.7782,20.5143
2,19,17.46,14.9,108.7693,57.8283,1.955,-27.9631,46.9735,-95.7154,205,fhe,1.955,1,44.114,14.7559
2,20,17.46,15.14,108.7693,58.2168,1.9738,-27.6814,47.3586,-95.4906,205,fhe,1.9738,1,49.441,25.4947
2,21,17.46,15.38,85.9597,58.6032,1.9928,-27.3963,47.7423,-95.2646,205,fhe,1.9928,1,48.3812,28.5862
14,23,-13.66,-22.02,-388.8879,58.5825,1.2635,-38.3357,48.7068,-103.0454,204,fhw,1.2635,1,228.424,12.1275
14,24,-13.66,-22.17,-119.1836,58.9327,1.2427,-38.649,49.0993,-103.2246,204,fhw,1.2427,1,209.3016,11.6233
14,25,-13.66,-22.32,-59.0592,59.2815,1.2214,-38.9672,49.4908,-103.4059,204,fhw,1.2214,1,71.7155,8.8347
14,26,-13.66,-22.47,-53.6858,59.6288,1.1999,-39.2907,49.8814,-103.5896,204,fhw,1.1999,1,67.5745,6.8408
15,22,-10.42,-18.03,-383.5984,58.4806,1.3575,-36.9258,48.4508,-102.0372,204,fhw,1.3575,1,226.6148,12.4013
15,23,-10.42,-18.14,-303.3995,58.8446,1.3404,-37.1828,48.851,-102.1763,204,fhw,1.3404,1,226.6148,12.4013
15,24,-10.42,-18.26,-101.713,59.2073,1.323,-37.4437,49.2502,-102.3167,204,fhw,1.323,1,163.8805,11.4321
16,22,-7.18,-14.15,-248.158,58.6923,1.4334,-35.7883,48.5506,-101.1919,204,fhw,1.4334,1,209.3016,13.4048
16,23,-7.18,-14.23,-130.488,59.0667,1.4199,-35.991,48.9559,-101.2918,204,fhw,1.4199,1,203.1014,12.9484
17,21,-3.94,-10.19,-190.2544,58.4801,1.5208,-34.4768,48.2027,-100.2763,204,fhw,1.5208,1,178.3946,14.0745
17,22,-3.94,-10.24,-136.4636,58.8642,1.5112,-34.6212,48.6124,-100.3364,204,fhw,1.5112,1,179.8694,14.0745
17,23,-3.94,-10.28,-66.0064,59.247,1.5015,-34.767,49.0211,-100.3966,204,fhw,1.5015,1,123.7485,11.3633
18,21,-0.7,-6.3,-134.9561,58.6047,1.5963,-33.3441,48.2242,-99.4545,204,fhw,1.5963,1,105.1954,13.5089
18,22,-0.7,-6.3,-105.0162,58.9952,1.5905,-33.4311,48.6356,-99.4753,204,fhw,1.5905,1,112.5953,13.4048
19,21,2.54,-2.38,-57.7986,58.6894,1.6728,-32.197,48.2085,-98.6315,204,fhw,1.6728,1,55.132,11.6915
0,26,-57.26,-75.07,-103.0127,52.1379,22.7911,-75.4226,48.4033,-135.166,206,cvw,-1.2089,-1,9.9499,11.512
0,27,-57.26,-75.09,-99.5686,52.1764,22.7499,-76.0402,48.5637,-135.7318,206,cvw,-1.2501,-1,7.8859,12.8349
0,28,-57.26,-75.1,-99.3112,52.2108,22.7088,-76.6575,48.7203,-136.3009,206,cvw,-1.2912,-1,3.2003,14.1807
0,29,-57.26,-75.11,-96.5676,52.2412,22.6676,-77.2747,48.8732,-136.8734,206,cvw,-1.3324,-1,0.1812,15.2506
0,30,-57.26,-75.11,-99.7582,52.2675,22.6265,-77.8915,49.0224,-137.4492,206,cvw,-1.3735,-1,0.01,15.0246
0,31,-57.26,-75.1,-98.0694,52.2898,22.5854,-78.5081,49.1679,-138.0284,206,cvw,-1.4146,-1,0.01,12.728
0,32,-57.26,-75.08,-94.4924,52.3081,22.5443,-79.1244,49.3098,-138.6109,206,cvw,-1.4557,-1,0.01,9.5587
0,33,-57.26,-75.06,-94.4924,52.3225,22.5032,-79.7402,49.4479,-139.1968,206,cvw,-1.4968,-1,0.01,9.5527
0,34,-57.26,-75.03,-99.5686,52.333,22.4622,-80.3555,49.5823,-139.7861,206,cvw,-1.5378,-1,0.01,9.5527
1,25,-54.02,-71.99,-107.4342,52.7373,22.8445,-74.6207,48.8218,-134.2145,206,cvw,-1.1555,-1,0.126,11.7837
1,26,-54.02,-72.02,-103.0127,52.8023,22.8033,-75.24,49.0073,-134.7682,206,cvw,-1.1967,-1,2.5971,13.9041
1,27,-54.02,-72.05,-102.2406,52.8632,22.7619,-75.8598,49.1892,-135.3258,206,cvw,-1.2381,-1,3.2003,14.1435
1,28,-54.02,-72.08,-102.2406,52.92,22.7206,-76.4801,49.3674,-135.8872,206,cvw,-1.2794,-1,1.5245,14.0998
1,29,-54.02,-72.09,-100.5419,52.9728,22.6792,-77.1008,49.5421,-136.4525,206,cvw,-1.3208,-1,0.01,14.0998
1,30,-54.02,-72.1,-99.7582,53.0216,22.6378,-77.7219,49.7133,-137.0218,206,cvw,-1.3622,-1,0.01,13.5797
1,31,-54.02,-72.1,-98.0694,53.0664,22.5964,-78.3435,49.8809,-137.595,206,cvw,-1.4036,-1,0.01,11.5436
1,32,-54.02,-72.1,-98.0694,53.1072,22.5549,-78.9653,50.045,-138.1722,206,cvw,-1.4451,-1,0.01,9.5587
1,33,-54.02,-72.08,-99.5686,53.1441,22.5134,-79.5874,50.2055,-138.7534,206,cvw,-1.4866,-1,0.01,9.5103
2,23,-50.78,-68.81,-98.8062,53.1876,22.9433,-73.1393,48.9634,-132.6951,206,cvw,-1.0567,-1,1.3208,12.3125
2,24,-50.78,-68.87,-99.19,53.2836,22.9022,-73.7555,49.1769,-133.2291,206,cvw,-1.0978,-1,0.01,14.6431
2,25,-50.78,-68.93,-102.0565,53.3754,22.8611,-74.373,49.3869,-133.7672,206,cvw,-1.1389,-1,0.01,15.3136
2,26,-50.78,-68.98,-103.0127,53.4631,22.8198,-74.9917,49.5935,-134.3097,206,cvw,-1.1802,-1,0.3656,16.9836
2,27,-50.78,-69.02,-102.9223,53.5468,22.7785,-75.6116,49.7966,-134.8564,206,cvw,-1.2215,-1,0.9525,16.3452
2,28,-50.78,-69.05,-102.2406,53.6264,22.7371,-76.2327,49.9963,-135.4076,206,cvw,-1.2629,-1,1.5245,15.6002
2,29,-50.78,-69.08,-103.8572,53.7021,22.6956,-76.8549,50.1926,-135.9632,206,cvw,-1.3044,-1,1.5245,14.0998
2,30,-50.78,-69.1,-103.8572,53.7738,22.654,-77.4783,50.3855,-136.5233,206,cvw,-1.346,-1,1.5245,13.5118
2,31,-50.78,-69.11,-103.8769,53.8416,22.6124,-78.1028,50.575,-137.0879,206,cvw,-1.3876,-1,0.01,12.0408
2,32,-50.78,-69.11,-110.1878,53.9054,22.5707,-78.7283,50.7612,-137.657,206,cvw,-1.4293,-1,0.01,10.2119
2,33,-50.78,-69.11,-110.1878,53.9653,22.5289,-79.3547,50.944,-138.2307,206,cvw,-1.4711,-1,0.01,10.2119
3,23,-47.54,-65.73,-99.929,53.7739,22.9636,-72.8342,49.4679,-132.2188,206,cvw,-1.0364,-1,1.7843,22.065
3,24,-47.54,-65.8,-99.7297,53.8927,22.9228,-73.4461,49.7017,-132.7379,206,cvw,-1.0772,-1,0.0508,23.5658
3,25,-47.54,-65.86,-99.4073,54.0073,22.8819,-74.0598,49.9322,-133.2617,206,cvw,-1.1181,-1,0.01,23.5986
3,26,-47.54,-65.92,-102.9223,54.118,22.8409,-74.6756,50.1594,-133.7902,206,cvw,-1.1591,-1,0.0508,22.1901
3,27,-47.54,-65.97,-103.9463,54.2247,22.7997,-75.2932,50.3834,-134.3234,206,cvw,-1.2003,-1,0.3656,19.8361
3,28,-47.54,-66.02,-104.7914,54.3275,22.7584,-75.9128,50.6042,-134.8615,206,cvw,-1.2416,-1,1.7871,16.6182
3,29,-47.54,-66.06,-104.7914,54.4264,22.717,-76.5342,50.8218,-135.4045,206,cvw,-1.283,-1,5.0954,15.5836
3,30,-47.54,-66.09,-108.2477,54.5214,22.6754,-77.1576,51.0362,-135.9525,206,cvw,-1.3246,-1,4.8699,15.1633
3,31,-47.54,-66.11,-108.2477,54.6125,22.6337,-77.7828,51.2474,-136.5056,206,cvw,-1.3663,-1,0.01,12.3717
3,32,-47.54,-66.13,-111.1065,54.6998,22.5919,-78.4097,51.4554,-137.0638,206,cvw,-1.4081,-1,0.01,10.4942
3,33,-47.54,-66.14,-115.5318,54.7832,22.55,-79.0384,51.6602,-137.6271,206,cvw,-1.45,-1,0.01,10.4942
3,34,-47.54,-66.14,-115.5318,54.8628,22.508,-79.6688,51.8618,-138.1956,206,cvw,-1.492,-1,0.01,10.0383
4,23,-44.3,-62.63,-99.7297,54.3514,22.9881,-72.4672,49.9513,-131.6899,206,cvw,-1.0119,-1,2.8241,25.4305
4,24,-44.3,-62.71,-99.7297,54.493,22.9478,-73.072,50.2048,-132.1915,206,cvw,-1.0522,-1,1.1877,26.3336
4,25,-44.3,-62.79,-99.521,54.6306,22.9073,-73.6795,50.4553,-132.6981,206,cvw,-1.0927,-1,0.0851,24.7226
4,26,-44.3,-62.86,-101.6174,54.7644,22.8666,-74.2896,50.7028,-133.2098,206,cvw,-1.1334,-1,0.2388,23.1873
4,27,-44.3,-62.93,-103.9463,54.8944,22.8258,-74.9024,50.9472,-133.7266,206,cvw,-1.1742,-1,1.4091,20.9346
4,28,-44.3,-62.98,-104.8184,55.0206,22.7847,-75.5179,51.1886,-134.2487,206,cvw,-1.2153,-1,2.2286,17.6716
4,29,-44.3,-63.04,-104.8709,55.1429,22.7435,-76.136,51.427,-134.7762,206,cvw,-1.2565,-1,6.2335,15.5707
4,30,-44.3,-63.08,-107.4035,55.2615,22.7021,-76.7567,51.6625,-135.3091,206,cvw,-1.2979,-1,6.1616,14.8691
4,31,-44.3,-63.12,-107.4035,55.3763,22.6606,-77.3801,51.895,-135.8475,206,cvw,-1.3394,-1,4.8699,12.2191
4,32,-44.3,-63.15,-106.6101,55.4873,22.6189,-78.006,52.1245,-136.3916,206,cvw,-1.3811,-1,0.01,10.4236
4,33,-44.3,-63.17,-107.3624,55.5945,22.577,-78.6345,52.351,-136.9413,206,cvw,-1.423,-1,0.01,10.0383
4,34,-44.3,-63.19,-113.3191,55.698,22.5349,-79.2654,52.5744,-137.4967,206,cvw,-1.4651,-1,0.01,8.6724
5,24,-41.06,-59.62,-97.3084,55.0821,22.9771,-72.6322,50.6841,-131.5905,206,cvw,-1.0229,-1,1.8978,25.4305
5,25,-41.06,-59.71,-99.4073,55.2428,22.9372,-73.2305,50.954,-132.077,206,cvw,-1.0628,-1,2.8241,22.8987
5,26,-41.06,-59.79,-100.8116,55.3998,22.8971,-73.8322,51.221,-132.569,206,cvw,-1.1029,-1,3.0115,21.6148
5,27,-41.06,-59.87,-103.0226,55.5531,22.8568,-74.4372,51.4853,-133.0664,206,cvw,-1.1432,-1,4.0701,16.4517
5,28,-41.06,-59.94,-103.9463,55.7027,22.8162,-75.0457,51.7467,-133.5694,206,cvw,-1.1838,-1,9.6426,15.2903
5,29,-41.06,-60.01,-103.3057,55.8487,22.7754,-75.6575,52.0054,-134.0782,206,cvw,-1.2246,-1,9.6426,13.4019
5,30,-41.06,-60.07,-104.6749,55.991,22.7344,-76.2728,52.2614,-134.5927,206,cvw,-1.2656,-1,9.3588,13.296
5,31,-41.06,-60.12,-105.8361,56.1296,22.6932,-76.8915,52.5146,-135.1132,206,cvw,-1.3068,-1,6.3503,11.1879
5,32,-41.06,-60.16,-103.2979,56.2646,22.6517,-77.5136,52.7651,-135.6398,206,cvw,-1.3483,-1,6.3503,8.6724
5,33,-41.06,-60.2,-101.7337,56.3959,22.61,-78.139,53.0128,-136.1724,206,cvw,-1.39,-1,0.01,7.8893
6,25,-37.82,-56.61,-97.3084,55.8413,22.9718,-72.7115,51.4259,-131.3995,206,cvw,-1.0282,-1,3.5177,17.3879
6,26,-37.82,-56.71,-98.1536,56.0213,22.9325,-73.3016,51.7118,-131.8687,206,cvw,-1.0675,-1,6.3637,16.3064
6,27,-37.82,-56.8,-100.8116,56.1979,22.8929,-73.8958,51.9951,-132.3436,206,cvw,-1.1071,-1,9.6426,14.3246
6,28,-37.82,-56.89,-100.8116,56.371,22.853,-74.4941,52.2759,-132.8244,206,cvw,-1.147,-1,12.2701,12.7382
6,29,-37.82,-56.97,-96.777,56.5405,22.8128,-75.0965,52.5542,-133.3111,206,cvw,-1.1872,-1,24.7496,10.7692
6,30,-37.82,-57.04,-96.777,56.7066,22.7724,-75.7032,52.83,-133.804,206,cvw,-1.2276,-1,24.2366,9.5656
6,40,-37.82,-57.4,-316.7869,58.1721,22.3527,-81.9987,55.4466,-139.096,206,cvw,-1.6473,-1,120.2814,10.2872
6,41,-37.82,-57.39,-318.9995,58.2986,22.3092,-82.6506,55.6935,-139.6642,206,cvw,-1.6908,-1,108.0511,11.236
6,42,-37.82,-57.38,-327.8501,58.4214,22.2655,-83.3064,55.9375,-140.2398,206,cvw,-1.7345,-1,103.0978,10.162
6,43,-37.82,-57.35,-340.803,58.5404,22.2215,-83.966,56.1785,-140.8231,206,cvw,-1.7785,-1,93.6639,10.162
6,44,-37.82,-57.31,-340.803,58.6556,22.1773,-84.6294,56.4166,-141.4141,206,cvw,-1.8227,-1,75.3147,12.3842
6,45,-37.82,-57.27,-346.5958,58.767,22.1328,-85.2964,56.6517,-142.0128,206,cvw,-1.8672,-1,57.9065,12.3842
6,46,-37.82,-57.21,-399.7036,58.8745,22.0881,-85.967,56.8836,-142.6195,206,cvw,-1.9119,-1,52.4141,11.5987
6,47,-37.82,-57.14,-411.3607,58.9782,22.0432,-86.6411,57.1125,-143.2342,206,cvw,-1.9568,-1,48.3009,10.9189
7,26,-34.58,-53.61,-97.3084,56.6262,22.9728,-72.6968,52.1726,-131.1104,206,cvw,-1.0272,-1,10.5559,13.4681
7,38,-34.58,-54.5,-323.731,58.8018,22.4871,-79.9816,55.6411,-136.9295,206,cvw,-1.5129,-1,141.2042,14.1427
7,39,-34.58,-54.53,-297.7856,58.9609,22.4445,-80.6214,55.9149,-137.4604,206,cvw,-1.5555,-1,136.6013,12.3323
7,40,-34.58,-54.55,-297.7856,59.1164,22.4015,-81.2662,56.1862,-137.9992,206,cvw,-1.5985,-1,122.102,13.6242
7,41,-34.58,-54.56,-315.209,59.2683,22.3582,-81.916,56.4549,-138.5459,206,cvw,-1.6418,-1,124.814,13.5953
7,42,-34.58,-54.57,-315.209,59.4166,22.3145,-82.5708,56.7211,-139.1006,206,cvw,-1.6855,-1,108.6762,13.1091
7,43,-34.58,-54.56,-315.209,59.5612,22.2705,-83.2306,56.9846,-139.6635,206,cvw,-1.7295,-1,103.0978,12.9778
7,44,-34.58,-54.55,-325.4202,59.7021,22.2262,-83.8952,57.2454,-140.2348,206,cvw,-1.7738,-1,76.9523,12.9821
7,45,-34.58,-54.52,-330.585,59.8393,22.1816,-84.5646,57.5035,-140.8146,206,cvw,-1.8184,-1,67.5017,12.9964
7,46,-34.58,-54.49,-330.585,59.9727,22.1367,-85.2389,57.7587,-141.403,206,cvw,-1.8633,-1,55.361,12.7229
7,47,-34.58,-54.44,-359.4989,60.1022,22.0914,-85.9179,58.0111,-142.0001,206,cvw,-1.9086,-1,55.361,11.8136
7,48,-34.58,-54.39,-197.5428,60.228,22.0458,-86.6015,58.2605,-142.6061,206,cvw,-1.9542,-1,72.7774,11.6914
8,32,-31.34,-51.14,-599.9293,58.4997,22.7878,-75.4711,54.4839,-132.9116,206,cvw,-1.2122,-1,183.4978,19.1519
8,33,-31.34,-51.23,-599.9293,58.7035,22.7481,-76.0667,54.7907,-133.3705,206,cvw,-1.2519,-1,200.0495,17.8345
8,34,-31.34,-51.32,-447.8107,58.9041,22.708,-76.6682,55.0955,-133.8365,206,cvw,-1.292,-1,200.0495,17.5984
8,35,-31.34,-51.39,-392.2784,59.1016,22.6675,-77.2757,55.3982,-134.3096,206,cvw,-1.3325,-1,183.5822,17.3264
8,36,-31.34,-51.47,-392.2784,59.2957,22.6267,-77.889,55.6989,-134.7901,206,cvw,-1.3733,-1,163.3715,16.2238
8,37,-31.34,-51.53,-362.8175,59.4866,22.5854,-78.5084,55.9975,-135.2782,206,cvw,-1.4146,-1,141.2042,16.2238
8,38,-31.34,-51.59,-238.2555,59.6742,22.5437,-79.1339,56.2939,-135.7741,206,cvw,-1.4563,-1,138.9442,15.8814
8,39,-31.34,-51.65,-219.4573,59.8585,22.5016,-79.7654,56.5882,-136.2778,206,cvw,-1.4984,-1,122.102,16.8569
8,40,-31.34,-51.69,-203.8143,60.0393,22.4591,-80.4029,56.8803,-136.7896,206,cvw,-1.5409,-1,122.102,16.8569
8,41,-31.34,-51.73,-205.6605,60.2167,22.4161,-81.0466,57.1702,-137.3097,206,cvw,-1.5839,-1,122.102,16.8923
8,42,-31.34,-51.76,-169.54,60.3907,22.3728,-81.6964,57.4577,-137.8382,206,cvw,-1.6272,-1,73.506,16.8923
8,43,-31.34,-51.78,-152.4725,60.5611,22.3291,-82.3522,57.743,-138.3754,206,cvw,-1.6709,-1,73.506,16.7616
8,44,-31.34,-51.79,-142.3472,60.7279,22.285,-83.0142,58.0258,-138.9214,206,cvw,-1.715,-1,67.5017,15.2461
8,45,-31.34,-51.79,-140.9921,60.8912,22.2404,-83.6823,58.3062,-139.4764,206,cvw,-1.7596,-1,55.361,14.729
8,46,-31.34,-51.78,-140.9921,61.0508,22.1955,-84.3564,58.584,-140.0406,206,cvw,-1.8045,-1,55.361,14.5031
8,47,-31.34,-51.76,-141.5097,61.2066,22.1501,-85.0367,58.8593,-140.6142,206,cvw,-1.8499,-1,55.361,13.5964
8,48,-31.34,-51.73,-151.4246,61.3588,22.1044,-85.7229,59.132,-141.1974,206,cvw,-1.8956,-1,53.8454,12.9575
8,49,-31.34,-51.69,-154.1554,61.5071,22.0582,-86.4151,59.4019,-141.7903,206,cvw,-1.9418,-1,65.6756,12.2765
8,50,-31.34,-51.64,-173.8654,61.6516,22.0117,-87.1132,59.6691,-142.3931,206,cvw,-1.9883,-1,94.8842,12.1543
9,29,-28.1,-47.73,-757.02,58.4999,22.9593,-72.8992,53.9945,-130.611,206,cvw,-1.0407,-1,226.1224,18.0687
9,30,-28.1,-47.86,-718.4772,58.7361,22.9221,-73.4573,54.3242,-131.0175,206,cvw,-1.0779,-1,192.9318,21.0538
9,31,-28.1,-47.97,-656.1127,58.9694,22.8845,-74.0217,54.6521,-131.4305,206,cvw,-1.1155,-1,192.9318,21.5795
9,32,-28.1,-48.09,-637.3508,59.1998,22.8464,-74.5926,54.9783,-131.85,206,cvw,-1.1536,-1,205.2309,21.1097
9,33,-28.1,-48.2,-491.5673,59.4274,22.8079,-75.1699,55.3027,-132.2764,206,cvw,-1.1921,-1,204.3316,20.9144
9,34,-28.1,-48.3,-447.8107,59.6519,22.769,-75.7539,55.6255,-132.7098,206,cvw,-1.231,-1,183.5822,19.9713
9,35,-28.1,-48.4,-369.5774,59.8736,22.7296,-76.3446,55.9465,-133.1504,206,cvw,-1.2704,-1,144.7669,18.8755
9,36,-28.1,-48.5,-362.8175,60.0921,22.6898,-76.9422,56.2657,-133.5984,206,cvw,-1.3102,-1,132.4955,17.4081
9,37,-28.1,-48.58,-113.6333,60.3077,22.6495,-77.5466,56.5831,-134.054,206,cvw,-1.3505,-1,107.0624,17.4081
9,38,-28.1,-48.67,-90.4843,60.5201,22.6087,-78.1579,56.8987,-134.5174,206,cvw,-1.3913,-1,57.6038,19.2299
9,39,-28.1,-48.74,-93.5855,60.7294,22.5675,-78.7764,57.2125,-134.9888,206,cvw,-1.4325,-1,50.2076,19.7519
9,40,-28.1,-48.81,-97.6971,60.9355,22.5258,-79.4019,57.5243,-135.4685,206,cvw,-1.4742,-1,49.7507,18.9351
9,41,-28.1,-48.87,-99.2853,61.1384,22.4836,-80.0346,57.8343,-135.9566,206,cvw,-1.5164,-1,43.5851,17.8236
9,42,-28.1,-48.93,-104.6318,61.338,22.441,-80.6745,58.1422,-136.4533,206,cvw,-1.559,-1,45.2818,16.9852
9,43,-28.1,-48.98,-109.5718,61.5343,22.3978,-81.3218,58.4482,-136.9589,206,cvw,-1.6022,-1,49.8313,16.7616
9,44,-28.1,-49.01,-107.915,61.7271,22.3542,-81.9763,58.7521,-137.4736,206,cvw,-1.6458,-1,49.8313,15.2461
9,45,-28.1,-49.04,-111.0112,61.9166,22.31,-82.6383,59.0538,-137.9977,206,cvw,-1.69,-1,49.8313,14.5031
9,46,-28.1,-49.07,-122.1214,62.1026,22.2654,-83.3076,59.3534,-138.5313,206,cvw,-1.7346,-1,53.8454,14.5031
9,47,-28.1,-49.08,-141.5097,62.285,22.2203,-83.9844,59.6508,-139.0747,206,cvw,-1.7797,-1,55.361,13.5964
9,48,-28.1,-49.08,-151.4246,62.4638,22.1747,-84.6687,59.9459,-139.6281,206,cvw,-1.8253,-1,63.7375,12.2765
9,49,-28.1,-49.07,-154.1554,62.639,22.1286,-85.3604,60.2386,-140.1918,206,cvw,-1.8714,-1,63.7375,12.2765
10,30,-24.86,-44.74,-739.9,59.3614,22.9843,-72.5248,54.7421,-129.9574,206,cvw,-1.0157,-1,217.5279,21.491
10,31,-24.86,-44.87,-609.7106,59.6174,22.9483,-73.0649,55.0858,-130.3342,206,cvw,-1.0517,-1,215.833,21.5109
10,32,-24.86,-45.0,-448.022,59.8708,22.9118,-73.612,55.4281,-130.7175,206,cvw,-1.0882,-1,205.2309,21.6722
10,33,-24.86,-45.13,-113.1788,60.1216,22.8748,-74.1662,55.769,-131.1073,206,cvw,-1.1252,-1,158.6271,21.1529
10,34,-24.86,-45.25,-87.305,60.3696,22.8374,-74.7277,56.1084,-131.5039,206,cvw,-1.1626,-1,105.372,21.1293
10,35,-24.86,-45.37,-62.63,60.615,22.7995,-75.2965,56.4463,-131.9076,206,cvw,-1.2005,-1,56.5464,21.3242
10,36,-24.86,-45.49,-61.9529,60.8576,22.7611,-75.8729,56.7827,-132.3185,206,cvw,-1.2389,-1,49.5343,21.9648
10,37,-24.86,-45.6,-62.2753,61.0973,22.7221,-76.457,57.1177,-132.7368,206,cvw,-1.2779,-1,39.5972,21.2918
10,38,-24.86,-45.7,-65.0193,61.3343,22.6827,-77.0489,57.4512,-133.1628,206,cvw,-1.3173,-1,39.5972,20.7551
10,39,-24.86,-45.8,-69.1899,61.5683,22.6427,-77.6488,57.7831,-133.5967,206,cvw,-1.3573,-1,38.4331,20.1223
10,40,-24.86,-45.9,-74.0457,61.7994,22.6021,-78.2567,58.1134,-134.0387,206,cvw,-1.3979,-1,32.7628,19.6101
10,41,-24.86,-45.99,-84.724,62.0275,22.5611,-78.8728,58.4422,-134.4892,206,cvw,-1.4389,-1,39.1347,17.8236
10,42,-24.86,-46.07,-93.7283,62.2526,22.5194,-79.4972,58.7693,-134.9482,206,cvw,-1.4806,-1,42.5602,16.928
10,43,-24.86,-46.15,-94.8963,62.4746,22.4772,-80.1301,59.0948,-135.4161,206,cvw,-1.5228,-1,38.9426,15.2461
10,44,-24.86,-46.22,-95.9409,62.6934,22.4345,-80.7715,59.4185,-135.8932,206,cvw,-1.5655,-1,37.7929,12.6232
11,32,-21.62,-41.87,-69.9617,60.5086,22.984,-72.5288,55.8305,-129.5184,206,cvw,-1.016,-1,74.928,21.8703
11,40,-21.62,-42.94,-56.8598,62.6252,22.6885,-76.9619,58.6431,-132.5052,206,cvw,-1.3115,-1,30.8228,16.624
