56.0 -2.0 -4.98 132.81
61.0 -4.0 -1.47 272.08
56.5 -5.0 3.18 155.48
61.0 -2.0 1.96 191.15
60.5 -5.0 -0.12 235.98
59.5 -3.0 4.28 210.68
60.0 -3.0 1.4 229.28
58.0 -4.0 0.51 183.16
58.5 -2.0 20.94 190.24
56.5 -4.0 3.37 156.8
57.0 -5.0 1.46 165.49
59.5 -5.0 -1.18 203.47
59.0 -2.0 14.28 197.08
56.5 -3.0 3.84 157.32
59.0 -3.0 5.95 190.05
62.0 -5.0 0.05 261.04
55.5 -5.0 9.43 131.41
60.0 -2.0 3.69 204.19
55.0 -4.0 13.17 127.38
58.5 -3.0 3.94 186.1
56.0 -5.0 4.91 132.23
55.5 -3.0 -1.89 152.23
62.0 -4.0 -1.79 295.09
60.0 -5.0 0.31 194.3
55.0 -5.0 16.38 121.65
61.0 -5.0 -5.67 198.52
59.0 -4.0 -1.33 195.32
57.5 -3.0 2.27 171.63
62.5 -4.0 -1.36 294.75
57.0 -3.0 2.71 164.7
58.5 -4.0 -1.49 200.58
59.5 -2.0 6.49 199.24
56.0 -4.0 5.01 147.96
61.0 -1.0 2.99 175.99
55.5 -4.0 7.44 139.8
62.5 -5.0 -2.8 235.31
63.5 -5.0 -4.2 281.58
59.5 -4.0 0.02 209.41
58.0 -2.0 4.35 181.14
57.5 -4.0 0.95 174.12
57.5 -5.0 -5.93 123.62
60.5 -3.0 -0.62 246.34
57.0 -4.0 1.77 166.16
60.0 -1.0 4.08 183.95
63.0 -4.0 -2.31 291.48
56.0 -3.0 4.28 151.4
61.0 -3.0 -1.3 274.74
60.5 -4.0 -0.82 249.12
60.0 -4.0 -0.56 224.34
56.5 -2.0 -2.54 148.16
63.0 -5.0 -1.47 295.52
61.5 -3.0 -3.25 289.49
59.0 -1.0 13.96 194.89
60.5 -2.0 0.95 218.75
61.5 -5.0 1.72 223.21
61.5 -4.0 -1.46 282.06
58.0 -3.0 -1.17 189.72
62.5 -9.0 2.32 168.49
51.5 0.0 13.96 91.94
52.0 -2.0 -4.98 87.29
52.5 -2.0 -4.98 102.16
53.0 -2.0 -4.98 108.55
53.5 -2.0 -4.98 112.41
54.0 -2.0 -4.98 115.44
54.5 -2.0 -4.98 110.85
55.0 -2.0 -4.98 111.58
55.5 -2.0 -4.98 113.61
57.0 -2.0 -2.54 170.35
59.0 -5.0 -1.18 215.89
60.5 -7.0 -0.12 222.32
60.5 -1.0 3.54 156.23
61.0 -7.0 -5.67 242.23
61.5 -7.0 1.72 224.22
62.0 -7.0 0.05 229.38
62.0 -3.0 -3.25 309.78
62.5 -3.0 -3.25 330.69
63.0 -9.0 2.32 301.72
64.0 -5.0 -4.2 323.85
64.5 -9.0 2.32 503.7
64.5 -5.0 -4.2 320.47
65.0 -5.0 -4.2 371.36
