56.0 -1.0 -4.26 82.33
61.5 -1.0 -0.29 199.02
57.5 -1.0 -5.41 93.68
52.0 1.0 9.62 59.93
60.5 1.0 -23.43 387.53
64.0 -1.0 -11.56 262.5
61.0 1.0 -20.26 441.74
59.5 -1.0 -3.66 108.96
63.0 -2.0 -3.08 444.19
64.5 -1.0 -16.07 224.76
57.0 -1.0 -6.18 92.16
60.0 -1.0 -4.95 121.35
62.5 -1.0 -1.51 402.84
65.0 -1.0 -16.91 329.93
60.0 1.0 -2.61 114.53
64.0 -2.0 -11.76 725.67
55.5 -1.0 -2.79 83.12
51.5 1.0 11.86 61.62
63.5 -1.0 -8.61 289.61
54.0 -1.0 1.37 72.94
59.5 1.0 3.31 103.07
61.0 -1.0 -9.91 183.52
62.0 -2.0 -4.16 346.19
55.0 -1.0 0.33 79.12
52.5 1.0 13.37 60.03
64.5 -2.0 -11.13 832.12
61.5 1.0 18.74 197.55
56.5 -1.0 -4.01 85.52
62.5 -2.0 -3.86 387.93
54.5 -1.0 3.65 75.72
61.5 -2.0 -5.61 273.07
63.5 -2.0 -6.22 490.4
53.0 1.0 13.37 63.86
53.5 1.0 13.37 58.85
54.0 1.0 13.37 57.66
55.0 0.0 0.33 81.5
57.5 0.0 -5.41 88.68
58.0 -1.0 -5.41 91.4
58.0 3.0 3.31 149.8
58.5 -1.0 -4.54 93.43
58.5 0.0 -1.92 107.09
58.5 3.0 3.31 148.88
59.0 -1.0 -3.66 100.65
59.0 0.0 -0.18 101.16
59.0 3.0 3.31 160.38
59.5 3.0 3.31 176.9
60.0 3.0 -2.61 212.21
60.5 -1.0 -7.43 150.58
60.5 0.0 -23.43 192.74
62.0 -1.0 -0.9 547.03
62.0 0.0 5.65 315.48
62.0 1.0 18.74 238.29
62.5 -3.0 -3.86 424.75
62.5 0.0 -1.51 408.29
63.0 -3.0 -3.08 426.26
63.0 -1.0 -5.06 699.79
63.0 0.0 -5.06 459.06
