60 -7.0 56.5 -2.44
60 -7.0 57.0 -4.78
60 -7.0 57.5 -6.92
60 -7.0 58.0 -8.67
60 -7.0 58.5 -10.24
60 -7.0 59.0 -11.77
60 -7.0 59.5 -13.07
60 -7.0 60.0 -14.46
60 -7.0 60.5 -15.83
60 -7.0 61.0 -17.1
60 -7.0 61.5 -18.3
60 -6.0 54.5 -1.89
60 -6.0 55.0 -3.97
60 -6.0 55.5 -5.49
60 -6.0 56.0 -6.96
60 -6.0 56.5 -8.28
60 -6.0 57.0 -9.54
60 -6.0 57.5 -10.8
60 -6.0 58.0 -12.08
60 -6.0 58.5 -13.46
60 -6.0 59.0 -14.93
60 -6.0 59.5 -16.51
60 -6.0 60.0 -18.25
60 -6.0 60.5 -20.08
60 -6.0 61.0 -21.86
60 -6.0 61.5 -23.69
60 -6.0 62.0 -25.52
60 -6.0 62.5 -27.43
60 -6.0 63.0 -29.22
60 -5.0 53.5 -0.5
60 -5.0 54.0 -1.46
60 -5.0 54.5 -2.5
60 -5.0 55.0 -3.57
60 -5.0 55.5 -4.75
60 -5.0 56.0 -5.95
60 -5.0 56.5 -7.14
60 -5.0 57.0 -8.24
60 -5.0 57.5 -9.5
60 -5.0 58.0 -10.8
60 -5.0 58.5 -12.25
60 -5.0 59.0 -13.79
60 -5.0 59.5 -15.44
60 -5.0 60.0 -17.16
60 -5.0 60.5 -18.9
60 -5.0 61.0 -20.65
60 -5.0 61.5 -22.42
60 -5.0 62.0 -24.23
60 -5.0 62.5 -26.07
60 -5.0 63.0 -28.04
60 -5.0 63.5 -30.09
60 -4.0 53.5 -0.82
60 -4.0 54.0 -1.72
60 -4.0 54.5 -2.72
60 -4.0 55.0 -3.65
60 -4.0 55.5 -4.64
60 -4.0 56.0 -5.68
60 -4.0 56.5 -6.76
60 -4.0 57.0 -7.93
60 -4.0 57.5 -9.17
60 -4.0 58.0 -10.54
60 -4.0 58.5 -11.98
60 -4.0 59.0 -13.51
60 -4.0 59.5 -15.1
60 -4.0 60.0 -16.76
60 -4.0 60.5 -18.48
60 -4.0 61.0 -20.26
60 -4.0 61.5 -22.07
60 -4.0 62.0 -23.94
60 -4.0 62.5 -25.81
60 -4.0 63.0 -27.73
60 -4.0 63.5 -29.72
60 -4.0 64.0 -31.65
60 -4.0 64.5 -33.69
60 -3.0 53.5 -0.65
60 -3.0 54.0 -1.33
60 -3.0 54.5 -2.09
60 -3.0 55.0 -2.96
60 -3.0 55.5 -3.9
60 -3.0 56.0 -4.87
60 -3.0 56.5 -5.92
60 -3.0 57.0 -7.04
60 -3.0 57.5 -8.22
60 -3.0 58.0 -9.47
60 -3.0 58.5 -10.82
60 -3.0 59.0 -12.22
60 -3.0 59.5 -13.67
60 -3.0 60.0 -15.18
60 -3.0 60.5 -16.76
60 -3.0 61.0 -18.42
60 -3.0 61.5 -20.17
60 -3.0 62.0 -21.96
60 -3.0 62.5 -23.86
60 -3.0 63.0 -25.71
60 -3.0 63.5 -27.43
60 -3.0 64.0 -29.09
60 -3.0 64.5 -30.62
60 -2.0 53.5 -0.6
60 -2.0 54.0 -1.14
60 -2.0 54.5 -1.74
60 -2.0 55.0 -2.37
60 -2.0 55.5 -3.07
60 -2.0 56.0 -3.83
60 -2.0 56.5 -4.68
60 -2.0 57.0 -5.61
60 -2.0 57.5 -6.7
60 -2.0 58.0 -7.86
60 -2.0 58.5 -9.06
60 -2.0 59.0 -10.3
60 -2.0 59.5 -11.54
60 -2.0 60.0 -12.8
60 -2.0 60.5 -14.17
60 -2.0 61.0 -15.61
60 -2.0 61.5 -17.13
60 -2.0 62.0 -18.75
60 -2.0 62.5 -20.36
60 -2.0 63.0 -21.93
60 -2.0 63.5 -23.52
60 -2.0 64.0 -24.99
60 -2.0 64.5 -26.33
60 -1.0 53.5 -0.76
60 -1.0 54.0 -1.25
60 -1.0 54.5 -1.82
60 -1.0 55.0 -2.48
60 -1.0 55.5 -3.13
60 -1.0 56.0 -3.84
60 -1.0 56.5 -4.73
60 -1.0 57.0 -5.76
60 -1.0 57.5 -6.86
60 -1.0 58.0 -8.03
60 -1.0 58.5 -9.17
60 -1.0 59.0 -10.3
60 -1.0 59.5 -11.47
60 -1.0 60.0 -12.61
60 -1.0 60.5 -13.78
60 -1.0 61.0 -15.02
60 -1.0 61.5 -16.25
60 -1.0 62.0 -17.51
60 -1.0 62.5 -18.74
60 -1.0 63.0 -19.98
60 -1.0 63.5 -21.14
60 -1.0 64.0 -22.23
60 -1.0 64.5 -22.92
60 0.0 54.5 -0.54
60 0.0 55.0 -1.25
60 0.0 55.5 -2.03
60 0.0 56.0 -2.95
60 0.0 56.5 -3.91
60 0.0 57.0 -4.95
60 0.0 57.5 -6.07
60 0.0 58.0 -7.2
60 0.0 58.5 -8.32
60 0.0 59.0 -9.44
60 0.0 59.5 -10.56
60 0.0 60.0 -11.62
60 0.0 60.5 -12.71
60 0.0 61.0 -13.87
60 0.0 61.5 -15.0
60 0.0 62.0 -16.02
60 0.0 62.5 -16.95
60 0.0 63.0 -17.87
60 0.0 63.5 -18.69
60 0.0 64.0 -19.42
60 1.0 54.5 -0.6
60 1.0 55.0 -1.36
60 1.0 55.5 -2.19
60 1.0 56.0 -3.11
60 1.0 56.5 -3.98
60 1.0 57.0 -4.88
60 1.0 57.5 -5.91
60 1.0 58.0 -6.86
60 1.0 58.5 -7.85
60 1.0 59.0 -8.82
60 1.0 59.5 -9.82
60 1.0 60.0 -10.82
60 1.0 60.5 -11.87
60 1.0 61.0 -12.91
60 1.0 61.5 -13.81
60 1.0 62.0 -14.58
60 1.0 62.5 -15.23
60 1.0 63.0 -15.76
60 1.0 63.5 -16.4
60 2.0 55.0 -0.97
60 2.0 55.5 -1.77
60 2.0 56.0 -2.56
60 2.0 56.5 -3.35
60 2.0 57.0 -4.21
60 2.0 57.5 -5.05
60 2.0 58.0 -5.91
60 2.0 58.5 -6.81
60 2.0 59.0 -7.67
60 2.0 59.5 -8.46
60 2.0 60.0 -9.31
60 2.0 60.5 -10.15
60 2.0 61.0 -10.89
60 2.0 61.5 -11.62
60 2.0 62.0 -12.13
60 2.0 62.5 -12.45
60 3.0 60.5 -0.56
60 3.0 61.0 -1.07
90 -7.0 56.5 -2.41
90 -7.0 57.0 -4.84
90 -7.0 57.5 -7.51
90 -7.0 58.0 -10.04
90 -7.0 58.5 -12.5
90 -7.0 59.0 -14.56
90 -7.0 59.5 -16.56
90 -7.0 60.0 -18.61
90 -7.0 60.5 -20.59
90 -7.0 61.0 -23.24
90 -7.0 61.5 -25.66
90 -6.0 54.5 -1.73
90 -6.0 55.0 -3.55
90 -6.0 55.5 -5.11
90 -6.0 56.0 -6.81
90 -6.0 56.5 -8.72
90 -6.0 57.0 -10.78
90 -6.0 57.5 -12.91
90 -6.0 58.0 -15.09
90 -6.0 58.5 -17.12
90 -6.0 59.0 -19.21
90 -6.0 59.5 -21.34
90 -6.0 60.0 -23.56
90 -6.0 60.5 -25.79
90 -6.0 61.0 -28.2
90 -6.0 61.5 -30.51
90 -6.0 62.0 -32.77
90 -6.0 62.5 -34.88
90 -6.0 63.0 -36.98
90 -5.0 53.5 -1.31
90 -5.0 54.0 -2.59
90 -5.0 54.5 -3.97
90 -5.0 55.0 -5.46
90 -5.0 55.5 -7.06
90 -5.0 56.0 -8.86
90 -5.0 56.5 -10.74
90 -5.0 57.0 -12.56
90 -5.0 57.5 -14.57
90 -5.0 58.0 -16.74
90 -5.0 58.5 -18.87
90 -5.0 59.0 -21.05
90 -5.0 59.5 -23.24
90 -5.0 60.0 -25.52
90 -5.0 60.5 -27.67
90 -5.0 61.0 -29.74
90 -5.0 61.5 -31.78
90 -5.0 62.0 -33.84
90 -5.0 62.5 -35.65
90 -5.0 63.0 -37.11
90 -4.0 53.5 -1.13
90 -4.0 54.0 -2.38
90 -4.0 54.5 -3.71
90 -4.0 55.0 -5.0
90 -4.0 55.5 -6.35
90 -4.0 56.0 -7.88
90 -4.0 56.5 -9.6
90 -4.0 57.0 -11.31
90 -4.0 57.5 -13.1
90 -4.0 58.0 -15.1
90 -4.0 58.5 -17.14
90 -4.0 59.0 -19.29
90 -4.0 59.5 -21.27
90 -4.0 60.0 -23.3
90 -4.0 60.5 -25.31
90 -4.0 61.0 -27.26
90 -4.0 61.5 -29.03
90 -4.0 62.0 -30.62
90 -4.0 62.5 -32.25
90 -4.0 63.0 -33.85
90 -4.0 63.5 -37.84
90 -3.0 53.5 -0.96
90 -3.0 54.0 -1.94
90 -3.0 54.5 -3.04
90 -3.0 55.0 -4.23
90 -3.0 55.5 -5.48
90 -3.0 56.0 -6.86
90 -3.0 56.5 -8.34
90 -3.0 57.0 -10.0
90 -3.0 57.5 -11.74
90 -3.0 58.0 -13.51
90 -3.0 58.5 -15.43
90 -3.0 59.0 -17.31
90 -3.0 59.5 -19.26
90 -3.0 60.0 -20.99
90 -3.0 60.5 -22.52
90 -3.0 61.0 -23.77
90 -3.0 61.5 -24.93
90 -3.0 62.0 -26.03
90 -3.0 62.5 -26.98
90 -3.0 63.0 -29.0
90 -3.0 63.5 -30.69
90 -3.0 64.0 -31.62
90 -2.0 53.5 -1.01
90 -2.0 54.0 -2.04
90 -2.0 54.5 -3.18
90 -2.0 55.0 -4.41
90 -2.0 55.5 -5.63
90 -2.0 56.0 -6.89
90 -2.0 56.5 -8.26
90 -2.0 57.0 -9.71
90 -2.0 57.5 -11.39
90 -2.0 58.0 -12.97
90 -2.0 58.5 -14.6
90 -2.0 59.0 -16.38
90 -2.0 59.5 -17.99
90 -2.0 60.0 -19.33
90 -2.0 60.5 -20.57
90 -2.0 61.0 -21.52
90 -2.0 61.5 -22.06
90 -2.0 62.0 -23.07
90 -2.0 63.0 -24.25
90 -2.0 63.5 -25.77
90 -1.0 53.5 -0.82
90 -1.0 54.0 -1.73
90 -1.0 54.5 -2.77
90 -1.0 55.0 -3.96
90 -1.0 55.5 -4.92
90 -1.0 56.0 -6.04
90 -1.0 56.5 -7.23
90 -1.0 57.0 -8.55
90 -1.0 57.5 -10.21
90 -1.0 58.0 -11.82
90 -1.0 58.5 -13.31
90 -1.0 59.0 -14.52
90 -1.0 59.5 -15.67
90 -1.0 60.0 -16.56
90 -1.0 60.5 -17.11
90 -1.0 61.0 -17.61
90 -1.0 61.5 -18.02
90 0.0 54.5 -1.03
90 0.0 55.0 -2.16
90 0.0 55.5 -3.48
90 0.0 56.0 -4.98
90 0.0 56.5 -6.4
90 0.0 57.0 -7.84
90 0.0 57.5 -9.25
90 0.0 58.0 -10.7
90 0.0 58.5 -12.12
90 0.0 59.0 -13.68
90 0.0 59.5 -14.81
90 0.0 60.0 -16.14
90 0.0 60.5 -16.72
90 0.0 61.0 -17.36
90 0.0 61.5 -18.05
90 0.0 62.0 -19.0
90 1.0 54.5 -0.76
90 1.0 55.0 -1.49
90 1.0 55.5 -2.33
90 1.0 56.0 -3.42
90 1.0 56.5 -4.62
90 1.0 57.0 -5.66
90 1.0 57.5 -7.09
90 1.0 58.0 -8.7
90 1.0 58.5 -10.14
90 1.0 59.0 -12.03
90 1.0 59.5 -14.44
90 1.0 60.0 -16.95
90 1.0 60.5 -17.51
90 2.0 55.0 -1.82
90 2.0 55.5 -3.51
90 2.0 56.0 -5.21
90 2.0 56.5 -6.89
90 2.0 57.0 -8.47
90 2.0 57.5 -9.75
90 2.0 58.0 -11.6
90 2.0 58.5 -12.54
180 -7.0 56.5 -2.52
180 -7.0 57.0 -5.42
180 -7.0 57.5 -8.43
180 -7.0 58.0 -11.41
180 -7.0 58.5 -14.27
180 -7.0 59.0 -17.28
180 -7.0 59.5 -20.51
180 -7.0 60.0 -23.5
180 -7.0 60.5 -26.32
180 -7.0 61.0 -28.81
180 -7.0 61.5 -31.45
180 -6.0 54.5 -2.34
180 -6.0 55.0 -4.78
180 -6.0 55.5 -7.03
180 -6.0 56.0 -9.45
180 -6.0 56.5 -11.99
180 -6.0 57.0 -14.53
180 -6.0 57.5 -17.13
180 -6.0 58.0 -19.89
180 -6.0 58.5 -22.88
180 -6.0 59.0 -25.82
180 -6.0 59.5 -28.54
180 -6.0 60.0 -31.15
180 -6.0 60.5 -33.6
180 -6.0 61.0 -36.01
180 -6.0 61.5 -38.43
180 -6.0 62.0 -40.88
180 -6.0 62.5 -43.22
180 -5.0 53.5 -1.66
180 -5.0 54.0 -3.47
180 -5.0 54.5 -5.54
180 -5.0 55.0 -7.93
180 -5.0 55.5 -10.42
180 -5.0 56.0 -13.02
180 -5.0 56.5 -15.63
180 -5.0 57.0 -18.21
180 -5.0 57.5 -20.91
180 -5.0 58.0 -23.77
180 -5.0 58.5 -26.56
180 -5.0 59.0 -29.38
180 -5.0 59.5 -32.03
180 -5.0 60.0 -34.56
180 -5.0 60.5 -36.82
180 -5.0 61.0 -38.97
180 -5.0 61.5 -41.04
180 -5.0 62.0 -42.32
180 -5.0 62.5 -43.32
180 -4.0 53.5 -1.5
180 -4.0 54.0 -3.02
180 -4.0 54.5 -4.82
180 -4.0 55.0 -6.88
180 -4.0 55.5 -9.04
180 -4.0 56.0 -11.17
180 -4.0 56.5 -13.44
180 -4.0 57.0 -15.84
180 -4.0 57.5 -18.33
180 -4.0 58.0 -21.06
180 -4.0 58.5 -23.63
180 -4.0 59.0 -25.87
180 -4.0 59.5 -27.91
180 -4.0 60.0 -29.96
180 -4.0 60.5 -31.81
180 -4.0 61.0 -33.84
180 -4.0 61.5 -34.99
180 -3.0 53.5 -1.35
180 -3.0 54.0 -2.98
180 -3.0 54.5 -4.85
180 -3.0 55.0 -6.81
180 -3.0 55.5 -8.93
180 -3.0 56.0 -11.03
180 -3.0 56.5 -13.0
180 -3.0 57.0 -15.03
180 -3.0 57.5 -17.3
180 -3.0 58.0 -19.17
180 -3.0 58.5 -20.79
180 -3.0 59.0 -22.38
180 -3.0 59.5 -23.64
180 -3.0 60.0 -24.68
180 -3.0 60.5 -25.65
180 -3.0 61.0 -26.55
180 -3.0 61.5 -27.65
180 -3.0 62.0 -28.7
180 -3.0 62.5 -29.87
180 -3.0 63.0 -31.65
180 -3.0 63.5 -33.12
180 -3.0 64.0 -34.27
180 -2.0 53.5 -1.08
180 -2.0 54.0 -2.72
180 -2.0 54.5 -4.5
180 -2.0 55.0 -6.34
180 -2.0 55.5 -8.14
180 -2.0 56.0 -9.83
180 -2.0 56.5 -11.27
180 -2.0 57.0 -12.79
180 -2.0 57.5 -14.15
180 -2.0 58.0 -15.39
180 -2.0 58.5 -16.32
180 -2.0 59.0 -17.3
180 -2.0 59.5 -18.04
180 -2.0 60.0 -18.84
180 -2.0 60.5 -19.61
180 -2.0 61.0 -20.57
180 -2.0 61.5 -21.51
180 -2.0 62.5 -22.96
180 -2.0 63.0 -24.2
180 -2.0 63.5 -25.46
180 -1.0 53.5 -1.53
180 -1.0 54.0 -3.22
180 -1.0 54.5 -4.84
180 -1.0 55.0 -6.26
180 -1.0 55.5 -7.5
180 -1.0 56.0 -8.75
180 -1.0 56.5 -10.08
180 -1.0 57.0 -11.75
180 -1.0 57.5 -12.99
180 -1.0 58.0 -14.25
180 -1.0 58.5 -14.85
180 0.0 54.5 -1.13
180 0.0 55.0 -2.11
180 0.0 55.5 -3.15
180 0.0 56.0 -4.31
180 0.0 56.5 -5.29
180 0.0 57.0 -6.49
180 0.0 57.5 -7.79
180 0.0 58.0 -9.51
180 1.0 54.5 -0.52
180 1.0 55.0 -1.11
180 1.0 55.5 -1.8
180 1.0 56.0 -2.9
180 1.0 56.5 -3.77
180 1.0 57.0 -4.71
180 1.0 57.5 -5.68
180 1.0 58.0 -6.5
180 2.0 55.5 -0.52
180 2.0 56.0 -0.91
30 -7.0 59.0 -2.42
30 -7.0 59.5 -4.71
30 -7.0 60.0 -5.53
30 -7.0 60.5 -6.18
30 -6.0 55.5 -0.72
30 -6.0 56.0 -1.54
30 -6.0 56.5 -2.54
30 -6.0 57.0 -3.69
30 -6.0 57.5 -4.9
30 -6.0 58.0 -7.01
30 -6.0 58.5 -9.07
30 -6.0 59.0 -10.06
30 -6.0 59.5 -10.9
30 -6.0 60.0 -11.74
30 -6.0 60.5 -12.59
30 -6.0 61.0 -13.54
30 -6.0 61.5 -14.58
30 -6.0 62.0 -15.68
30 -6.0 62.5 -16.81
30 -6.0 63.0 -17.76
30 -5.0 54.0 -0.58
30 -5.0 54.5 -1.23
30 -5.0 55.0 -1.92
30 -5.0 55.5 -2.74
30 -5.0 56.0 -3.65
30 -5.0 56.5 -4.58
30 -5.0 57.0 -5.24
30 -5.0 57.5 -6.06
30 -5.0 58.0 -6.96
30 -5.0 58.5 -7.81
30 -5.0 59.0 -8.67
30 -5.0 59.5 -9.64
30 -5.0 60.0 -10.64
30 -5.0 60.5 -11.67
30 -5.0 61.0 -12.82
30 -5.0 61.5 -14.12
30 -5.0 62.0 -15.54
30 -5.0 62.5 -17.1
30 -5.0 63.0 -18.66
30 -5.0 63.5 -20.44
30 -4.0 53.5 -0.59
30 -4.0 54.0 -1.17
30 -4.0 54.5 -1.77
30 -4.0 55.0 -2.31
30 -4.0 55.5 -2.91
30 -4.0 56.0 -3.48
30 -4.0 56.5 -4.15
30 -4.0 57.0 -4.87
30 -4.0 57.5 -5.54
30 -4.0 58.0 -6.33
30 -4.0 58.5 -7.17
30 -4.0 59.0 -8.15
30 -4.0 59.5 -9.14
30 -4.0 60.0 -10.13
30 -4.0 60.5 -11.2
30 -4.0 61.0 -12.35
30 -4.0 61.5 -13.66
30 -4.0 62.0 -15.12
30 -4.0 62.5 -16.56
30 -4.0 63.0 -18.1
30 -4.0 63.5 -19.69
30 -4.0 64.0 -21.23
30 -4.0 64.5 -22.61
30 -3.0 54.0 -0.42
30 -3.0 54.5 -0.83
30 -3.0 55.0 -1.37
30 -3.0 55.5 -1.93
30 -3.0 56.0 -2.54
30 -3.0 56.5 -3.17
30 -3.0 57.0 -3.86
30 -3.0 57.5 -4.62
30 -3.0 58.0 -5.4
30 -3.0 58.5 -6.21
30 -3.0 59.0 -7.11
30 -3.0 59.5 -8.09
30 -3.0 60.0 -9.19
30 -3.0 60.5 -10.36
30 -3.0 61.0 -11.59
30 -3.0 61.5 -12.92
30 -3.0 62.0 -14.35
30 -3.0 62.5 -15.88
30 -3.0 63.0 -17.41
30 -3.0 63.5 -18.94
30 -3.0 64.0 -20.46
30 -3.0 64.5 -22.15
30 -2.0 53.5 -0.48
30 -2.0 54.0 -0.96
30 -2.0 54.5 -1.45
30 -2.0 55.0 -1.94
30 -2.0 55.5 -2.53
30 -2.0 56.0 -3.1
30 -2.0 56.5 -3.69
30 -2.0 57.0 -4.27
30 -2.0 57.5 -4.92
30 -2.0 58.0 -5.64
30 -2.0 58.5 -6.43
30 -2.0 59.0 -7.37
30 -2.0 59.5 -8.42
30 -2.0 60.0 -9.52
30 -2.0 60.5 -10.72
30 -2.0 61.0 -11.95
30 -2.0 61.5 -13.29
30 -2.0 62.0 -14.61
30 -2.0 62.5 -15.95
30 -2.0 63.0 -17.24
30 -2.0 63.5 -18.53
30 -2.0 64.0 -19.84
30 -2.0 64.5 -21.05
30 -1.0 54.0 -0.37
30 -1.0 54.5 -0.76
30 -1.0 55.0 -1.2
30 -1.0 55.5 -1.67
30 -1.0 56.0 -2.19
30 -1.0 56.5 -2.76
30 -1.0 57.0 -3.4
30 -1.0 57.5 -4.11
30 -1.0 58.0 -4.88
30 -1.0 58.5 -5.66
30 -1.0 59.0 -6.58
30 -1.0 59.5 -7.59
30 -1.0 60.0 -8.63
30 -1.0 60.5 -9.72
30 -1.0 61.0 -10.82
30 -1.0 61.5 -12.0
30 -1.0 62.0 -13.16
30 -1.0 62.5 -14.37
30 -1.0 63.0 -15.51
30 -1.0 63.5 -16.63
30 -1.0 64.0 -17.68
30 -1.0 64.5 -18.73
30 0.0 54.5 -0.46
30 0.0 55.0 -0.91
30 0.0 55.5 -1.44
30 0.0 56.0 -2.04
30 0.0 56.5 -2.66
30 0.0 57.0 -3.37
30 0.0 57.5 -4.11
30 0.0 58.0 -4.97
30 0.0 58.5 -5.83
30 0.0 59.0 -6.7
30 0.0 59.5 -7.61
30 0.0 60.0 -8.57
30 0.0 60.5 -9.57
30 0.0 61.0 -10.6
30 0.0 61.5 -11.66
30 0.0 62.0 -12.72
30 0.0 62.5 -13.82
30 0.0 63.0 -14.85
30 0.0 63.5 -15.84
30 0.0 64.0 -16.86
30 1.0 54.5 -0.44
30 1.0 55.0 -0.92
30 1.0 55.5 -1.44
30 1.0 56.0 -2.1
30 1.0 56.5 -2.73
30 1.0 57.0 -3.47
30 1.0 57.5 -4.27
30 1.0 58.0 -5.11
30 1.0 58.5 -5.93
30 1.0 59.0 -6.8
30 1.0 59.5 -7.7
30 1.0 60.0 -8.6
30 1.0 60.5 -9.56
30 1.0 61.0 -10.49
30 1.0 61.5 -11.44
30 1.0 62.0 -12.44
30 1.0 62.5 -13.39
30 1.0 63.0 -14.3
30 1.0 63.5 -15.1
30 1.0 64.0 -15.92
30 2.0 55.5 -0.6
30 2.0 56.0 -1.19
30 2.0 56.5 -1.74
30 2.0 57.0 -2.37
30 2.0 57.5 -3.0
30 2.0 58.0 -3.79
30 2.0 58.5 -4.6
30 2.0 59.0 -5.52
30 2.0 59.5 -6.41
30 2.0 60.0 -7.2
30 2.0 60.5 -8.05
30 2.0 61.0 -8.95
30 2.0 61.5 -9.84
30 2.0 62.0 -10.74
30 2.0 62.5 -11.53
30 3.0 60.5 -0.64
30 3.0 61.0 -1.27
30 3.0 61.5 -1.92
30 3.0 62.0 -2.57
