19.0 62.0 -1.68
19.0 62.5 -2.6
19.0 63.0 -3.78
19.0 63.5 -4.35
19.0 64.0 -5.04
19.0 64.5 -5.72
20.0 61.0 -1.2
20.0 61.5 -2.49
20.0 62.0 -3.86
20.0 62.5 -5.3
20.0 63.0 -6.86
20.0 63.5 -8.08
20.0 64.0 -9.26
20.0 64.5 -10.32
21.0 60.0 -1.2
21.0 60.5 -2.08
21.0 61.0 -2.89
21.0 61.5 -3.8
21.0 62.0 -4.79
21.0 62.5 -5.87
21.0 63.0 -6.84
21.0 63.5 -7.77
21.0 64.0 -8.87
22.0 59.5 -0.89
22.0 60.0 -1.64
22.0 60.5 -2.32
22.0 61.0 -2.99
22.0 61.5 -3.73
22.0 62.0 -4.45
22.0 62.5 -5.22
22.0 63.0 -6.25
22.0 63.5 -7.28
23.0 59.5 -0.41
23.0 60.0 -0.83
23.0 60.5 -1.27
23.0 61.0 -1.74
23.0 61.5 -2.22
23.0 62.0 -2.73
23.0 62.5 -3.29
