-3.0 62.0 930.86 -81.56 62.92 -3.14 -7.0
-3.0 62.5 910.06 -80.33 63.4 -3.15 -7.0
-3.0 63.0 856.76 -80.46 63.84 -3.14 -7.0
-3.0 63.5 763.42 -78.31 64.25 -3.15 -7.0
-2.0 60.5 602.41 -78.13 61.09 -2.12 -7.0
-2.0 61.0 878.32 -80.51 61.87 -2.14 -7.0
-2.0 61.5 780.93 -80.38 62.27 -2.13 -7.0
-2.0 62.0 722.77 -82.1 62.72 -2.1 -7.0
-2.0 62.5 718.11 -81.66 63.21 -2.1 -7.0
-2.0 63.0 624.5 -80.98 63.62 -2.1 -7.0
-2.0 63.5 521.15 -79.79 64.01 -2.09 -7.0
-1.0 59.5 465.37 -79.42 59.96 -1.09 -7.0
-1.0 60.0 563.32 -79.59 60.55 -1.1 -7.0
-1.0 60.5 626.68 -79.29 61.12 -1.12 -7.0
-1.0 61.0 725.56 -77.68 61.71 -1.15 -7.0
-1.0 61.5 628.77 -78.59 62.12 -1.12 -7.0
-1.0 62.0 626.13 -81.35 62.62 -1.09 -7.0
-1.0 62.5 574.34 -82.72 63.07 -1.07 -7.0
-1.0 63.0 467.23 -85.92 63.47 -1.03 -7.0
-1.0 63.5 486.45 -82.2 63.98 -1.07 -7.0
-1.0 64.0 658.68 -77.76 64.64 -1.14 -7.0
-1.0 64.5 701.81 -77.67 65.19 -1.15 -7.0
0.0 59.0 487.2 -77.03 59.47 -0.11 -7.0
0.0 59.5 579.13 -80.08 60.07 -0.1 -7.0
0.0 60.0 562.41 -81.84 60.56 -0.08 -7.0
0.0 60.5 424.92 -83.34 60.92 -0.05 -7.0
0.0 61.0 493.95 -83.9 61.49 -0.05 -7.0
0.0 61.5 514.8 -86.44 62.01 -0.03 -7.0
0.0 62.0 490.09 -85.17 62.49 -0.04 -7.0
0.0 62.5 465.48 -82.22 62.96 -0.06 -7.0
0.0 63.0 454.62 -86.17 63.45 -0.03 -7.0
0.0 63.5 508.09 -81.56 64.0 -0.07 -7.0
0.0 64.0 555.35 -79.44 64.55 -0.1 -7.0
1.0 58.0 657.31 -77.78 58.64 0.86 -7.0
1.0 58.5 605.8 -79.27 59.1 0.89 -7.0
1.0 59.0 542.73 -77.8 59.53 0.89 -7.0
1.0 59.5 547.6 -80.7 60.04 0.91 -7.0
1.0 60.0 541.08 -85.34 60.54 0.96 -7.0
1.0 60.5 510.65 -85.02 61.01 0.96 -7.0
1.0 61.0 517.77 -82.44 61.51 0.93 -7.0
1.0 61.5 450.2 -82.72 61.95 0.94 -7.0
1.0 62.0 448.89 -82.67 62.45 0.94 -7.0
1.0 62.5 375.94 -83.31 62.87 0.96 -7.0
1.0 63.0 372.82 -82.46 63.37 0.95 -7.0
1.0 63.5 352.2 -81.25 63.85 0.95 -7.0
1.0 64.0 315.37 -83.31 64.31 0.96 -7.0
2.0 57.5 566.68 -77.94 58.05 1.88 -7.0
2.0 58.0 605.83 -80.69 58.6 1.9 -7.0
2.0 60.5 597.97 -83.08 61.09 1.93 -7.0
-7.0 59.0 828.26 -75.55 59.8 -7.21 -100.0
-7.0 59.5 784.16 -75.71 60.26 -7.19 -100.0
-7.0 60.5 1068.45 -74.83 61.53 -7.28 -100.0
-7.0 64.0 1499.43 -80.49 65.48 -7.25 -100.0
-6.0 56.0 1151.69 -83.76 57.14 -6.13 -100.0
-6.0 56.5 1209.36 -82.74 57.7 -6.15 -100.0
-6.0 57.0 1184.48 -85.14 58.18 -6.1 -100.0
-6.0 57.5 1167.6 -81.44 58.65 -6.17 -100.0
-6.0 58.0 1103.82 -84.78 59.1 -6.1 -100.0
-6.0 58.5 926.68 -83.78 59.42 -6.1 -100.0
-6.0 59.0 882.22 -81.7 59.87 -6.13 -100.0
-6.0 59.5 794.67 -77.14 60.27 -6.18 -100.0
-6.0 60.0 926.71 -76.51 60.9 -6.22 -100.0
-6.0 60.5 977.91 -75.64 61.45 -6.24 -100.0
-6.0 61.0 953.05 -76.25 61.93 -6.23 -100.0
-6.0 61.5 1036.36 -80.0 62.52 -6.18 -100.0
-6.0 62.0 1118.85 -81.14 63.11 -6.17 -100.0
-6.0 62.5 1429.54 -82.26 63.92 -6.19 -100.0
-6.0 63.0 1465.95 -83.23 64.46 -6.17 -100.0
-6.0 64.0 1377.15 -86.1 65.37 -6.09 -100.0
-5.0 54.5 1057.44 -87.02 55.56 -5.05 -100.0
-5.0 55.0 1146.45 -83.58 56.14 -5.13 -100.0
-5.0 55.5 1263.79 -84.65 56.76 -5.12 -100.0
-5.0 56.0 1226.16 -88.78 57.23 -5.03 -100.0
-5.0 56.5 1213.55 -87.18 57.71 -5.06 -100.0
-5.0 57.0 1315.12 -85.51 58.31 -5.1 -100.0
-5.0 57.5 1213.38 -84.13 58.71 -5.12 -100.0
-5.0 58.0 1190.42 -84.55 59.19 -5.11 -100.0
-5.0 58.5 1072.98 -83.32 59.57 -5.12 -100.0
-5.0 59.0 958.66 -83.36 59.95 -5.11 -100.0
-5.0 59.5 855.57 -82.41 60.35 -5.11 -100.0
-5.0 60.0 840.15 -78.39 60.82 -5.17 -100.0
-5.0 60.5 791.46 -76.27 61.27 -5.19 -100.0
-5.0 61.0 762.61 -82.27 61.76 -5.1 -100.0
-4.0 53.5 796.58 -88.59 54.3 -4.02 -100.0
-4.0 54.0 810.39 -92.1 54.81 -3.97 -100.0
-4.0 54.5 803.12 -89.1 55.3 -4.01 -100.0
-4.0 55.0 905.9 -87.85 55.91 -4.03 -100.0
-4.0 55.5 1080.92 -86.41 56.58 -4.07 -100.0
-4.0 56.0 1055.89 -86.48 57.05 -4.06 -100.0
-4.0 56.5 1249.72 -86.15 57.75 -4.08 -100.0
-4.0 57.0 1291.03 -84.6 58.29 -4.12 -100.0
-4.0 57.5 1169.97 -85.73 58.67 -4.09 -100.0
-4.0 58.0 1068.14 -89.41 59.07 -4.01 -100.0
-4.0 58.5 908.26 -85.98 59.41 -4.06 -100.0
-3.0 54.5 837.0 -85.41 55.33 -3.07 -100.0
-3.0 55.0 1123.58 -87.08 56.12 -3.06 -100.0
-3.0 55.5 1120.94 -85.97 56.62 -3.08 -100.0
-3.0 56.0 993.82 -86.68 56.99 -3.06 -100.0
-3.0 56.5 1078.76 -87.06 57.58 -3.06 -100.0
-3.0 57.0 987.95 -85.03 57.98 -3.09 -100.0
-3.0 57.5 970.22 -86.71 58.47 -3.06 -100.0
-2.0 54.0 975.91 -85.8 54.97 -2.07 -100.0
-2.0 54.5 1132.09 -87.14 55.63 -2.06 -100.0
-2.0 55.0 1067.92 -85.12 56.06 -2.09 -100.0
-2.0 55.5 1150.62 -87.88 56.65 -2.04 -100.0
-2.0 56.0 1186.24 -90.54 57.19 -1.99 -100.0
-1.0 54.0 1427.21 -87.59 55.43 -1.06 -100.0
-1.0 54.5 1122.88 -86.79 55.62 -1.06 -100.0
-1.0 55.0 833.77 -90.33 55.83 -1.0 -100.0
0.0 56.0 766.98 -92.66 56.77 0.04 -100.0
0.0 56.5 1042.01 -83.43 57.54 -0.12 -100.0
0.0 57.0 867.31 -80.91 57.86 -0.14 -100.0
0.0 57.5 816.2 -75.92 58.29 -0.2 -100.0
0.0 58.0 655.94 -77.13 58.64 -0.15 -100.0
0.0 58.5 625.21 -77.78 59.11 -0.13 -100.0
1.0 56.0 847.32 -94.01 56.85 1.06 -100.0
1.0 56.5 930.87 -85.11 57.43 0.92 -100.0
1.0 57.0 889.08 -80.52 57.88 0.85 -100.0
1.0 57.5 821.61 -74.15 58.29 0.78 -100.0
1.0 58.0 573.01 -75.26 58.55 0.85 -100.0
1.0 58.5 527.98 -74.29 59.01 0.86 -100.0
2.0 56.0 728.01 -96.52 56.72 2.08 -100.0
2.0 56.5 757.97 -92.67 57.26 2.04 -100.0
2.0 57.0 728.04 -87.22 57.73 1.96 -100.0
2.0 57.5 748.73 -80.66 58.24 1.88 -100.0
2.0 58.0 492.04 -78.05 58.48 1.9 -100.0
-3.0 57.5 642.25 -89.43 58.14 -3.01 -19.0
-3.0 59.5 736.47 -86.31 60.23 -3.05 -19.0
-3.0 60.0 759.95 -83.98 60.76 -3.08 -19.0
-3.0 60.5 717.22 -81.75 61.21 -3.1 -19.0
-3.0 61.0 735.09 -82.4 61.73 -3.1 -19.0
-3.0 61.5 739.21 -78.96 62.23 -3.14 -19.0
-3.0 62.0 731.17 -79.32 62.72 -3.14 -19.0
-3.0 62.5 678.35 -79.06 63.17 -3.13 -19.0
-3.0 63.0 617.03 -76.95 63.6 -3.14 -19.0
-2.0 58.5 545.88 -83.38 59.04 -2.06 -19.0
-2.0 59.0 536.38 -83.91 59.53 -2.06 -19.0
-2.0 59.5 516.09 -81.66 60.01 -2.07 -19.0
-2.0 60.0 594.79 -83.82 60.59 -2.06 -19.0
-2.0 60.5 615.29 -83.14 61.11 -2.07 -19.0
-2.0 61.0 674.05 -80.73 61.67 -2.11 -19.0
-2.0 61.5 716.43 -79.36 62.2 -2.13 -19.0
-2.0 62.0 662.17 -81.67 62.66 -2.1 -19.0
-2.0 62.5 688.3 -81.12 63.18 -2.11 -19.0
-2.0 63.0 574.97 -84.32 63.57 -2.06 -19.0
-1.0 57.5 443.09 -86.52 57.94 -1.03 -19.0
-1.0 58.0 500.54 -85.54 58.5 -1.04 -19.0
-1.0 58.5 529.1 -85.15 59.03 -1.04 -19.0
-1.0 59.0 517.39 -83.79 59.51 -1.06 -19.0
-1.0 59.5 581.27 -80.68 60.07 -1.09 -19.0
-1.0 60.0 572.25 -81.09 60.57 -1.09 -19.0
-1.0 60.5 554.57 -82.49 61.05 -1.07 -19.0
-1.0 61.0 565.56 -80.62 61.56 -1.09 -19.0
-1.0 61.5 558.63 -80.02 62.05 -1.1 -19.0
-1.0 62.0 564.73 -83.13 62.56 -1.07 -19.0
-1.0 62.5 500.27 -80.46 62.99 -1.08 -19.0
-1.0 63.0 449.38 -80.41 63.44 -1.07 -19.0
-1.0 63.5 420.75 -73.06 63.9 -1.12 -19.0
0.0 57.0 519.7 -85.74 57.52 -0.04 -19.0
0.0 57.5 485.83 -85.72 57.98 -0.04 -19.0
0.0 58.0 541.14 -83.91 58.54 -0.06 -19.0
0.0 58.5 527.34 -86.69 59.03 -0.03 -19.0
0.0 59.0 504.77 -84.15 59.5 -0.05 -19.0
0.0 59.5 550.13 -83.52 60.05 -0.06 -19.0
0.0 60.0 513.69 -83.98 60.51 -0.05 -19.0
0.0 60.5 520.72 -85.99 61.02 -0.04 -19.0
0.0 61.0 476.42 -84.89 61.47 -0.04 -19.0
0.0 61.5 432.61 -80.92 61.93 -0.07 -19.0
0.0 62.0 518.68 -82.12 62.51 -0.07 -19.0
0.0 62.5 513.44 -81.07 63.01 -0.08 -19.0
1.0 57.0 574.45 -90.96 57.57 1.01 -19.0
1.0 57.5 555.81 -87.59 58.06 0.98 -19.0
1.0 58.0 586.43 -85.35 58.58 0.95 -19.0
1.0 58.5 552.59 -87.06 59.05 0.97 -19.0
1.0 59.0 529.82 -87.06 59.53 0.97 -19.0
1.0 59.5 517.45 -85.52 60.02 0.96 -19.0
1.0 60.0 464.55 -85.7 60.46 0.97 -19.0
1.0 60.5 503.66 -82.49 61.0 0.93 -19.0
1.0 61.0 432.7 -83.17 61.43 0.95 -19.0
1.0 61.5 456.95 -87.96 61.96 0.98 -19.0
1.0 62.0 424.91 -87.48 62.42 0.98 -19.0
2.0 57.5 489.64 -85.39 57.99 1.96 -19.0
2.0 58.0 489.72 -85.87 58.49 1.96 -19.0
2.0 58.5 442.82 -86.26 58.94 1.97 -19.0
2.0 59.0 454.89 -83.53 59.45 1.95 -19.0
2.0 59.5 419.83 -85.37 59.92 1.97 -19.0
2.0 60.0 419.06 -82.1 60.42 1.94 -19.0
2.0 60.5 462.25 -81.23 60.96 1.93 -19.0
3.0 58.5 469.07 -86.71 58.97 2.97 -19.0
-5.0 59.5 926.13 -85.24 60.42 -5.08 -36.0
-5.0 60.0 963.04 -85.96 60.96 -5.07 -36.0
-5.0 60.5 969.82 -85.69 61.47 -5.07 -36.0
-5.0 61.0 868.48 -84.78 61.86 -5.08 -36.0
-4.0 58.5 823.12 -84.74 59.32 -4.08 -36.0
-4.0 59.0 844.44 -84.4 59.84 -4.08 -36.0
-4.0 59.5 827.31 -84.1 60.32 -4.08 -36.0
-4.0 60.0 855.12 -83.15 60.85 -4.1 -36.0
-4.0 60.5 914.77 -83.32 61.41 -4.11 -36.0
-4.0 61.0 904.95 -82.44 61.9 -4.12 -36.0
-4.0 61.5 870.2 -83.67 62.36 -4.1 -36.0
-4.0 62.0 772.62 -83.49 62.77 -4.09 -36.0
-4.0 62.5 719.37 -81.76 63.21 -4.1 -36.0
-3.0 57.0 771.67 -87.12 57.77 -3.04 -36.0
-3.0 57.5 821.72 -89.77 58.32 -3.0 -36.0
-3.0 58.0 880.95 -86.82 58.88 -3.05 -36.0
-3.0 58.5 865.79 -86.15 59.36 -3.06 -36.0
-3.0 59.0 816.89 -85.32 59.81 -3.07 -36.0
-3.0 59.5 791.86 -84.01 60.29 -3.08 -36.0
-3.0 60.0 790.11 -82.91 60.78 -3.1 -36.0
-3.0 60.5 789.57 -82.85 61.28 -3.1 -36.0
-3.0 61.0 806.01 -83.95 61.8 -3.08 -36.0
-3.0 61.5 839.85 -82.53 62.33 -3.11 -36.0
-3.0 62.0 830.22 -82.64 62.82 -3.11 -36.0
-3.0 62.5 829.73 -80.1 63.32 -3.14 -36.0
-3.0 63.0 764.11 -79.58 63.75 -3.14 -36.0
-2.0 57.0 735.11 -87.94 57.73 -2.03 -36.0
-2.0 57.5 732.31 -84.3 58.23 -2.07 -36.0
-2.0 58.0 764.86 -83.44 58.76 -2.09 -36.0
-2.0 58.5 745.24 -82.62 59.24 -2.1 -36.0
-2.0 59.0 739.53 -82.17 59.73 -2.1 -36.0
-2.0 59.5 747.46 -82.83 60.24 -2.09 -36.0
-2.0 60.0 773.77 -85.08 60.77 -2.07 -36.0
-2.0 60.5 829.43 -84.07 61.32 -2.09 -36.0
-2.0 61.0 839.82 -85.29 61.84 -2.07 -36.0
-2.0 61.5 821.08 -82.84 62.31 -2.1 -36.0
-2.0 62.0 675.76 -83.63 62.67 -2.07 -36.0
-2.0 62.5 637.45 -81.03 63.13 -2.1 -36.0
-1.0 56.5 652.55 -92.35 57.15 -0.97 -36.0
-1.0 57.0 693.1 -88.94 57.69 -1.01 -36.0
-1.0 57.5 701.63 -88.06 58.2 -1.02 -36.0
-1.0 58.0 665.61 -87.55 58.67 -1.03 -36.0
-1.0 58.5 649.17 -82.17 59.14 -1.09 -36.0
-1.0 59.0 728.95 -80.87 59.72 -1.12 -36.0
-1.0 59.5 785.73 -79.87 60.27 -1.14 -36.0
-1.0 60.0 688.27 -81.31 60.68 -1.1 -36.0
-1.0 60.5 627.84 -81.89 61.12 -1.09 -36.0
-1.0 61.0 766.95 -84.09 61.76 -1.08 -36.0
-1.0 61.5 747.7 -83.28 62.24 -1.09 -36.0
-1.0 62.0 594.67 -83.83 62.59 -1.06 -36.0
0.0 56.0 671.5 -89.79 56.67 -0.0 -36.0
0.0 56.5 639.04 -87.3 57.14 -0.03 -36.0
0.0 57.0 640.47 -88.4 57.64 -0.02 -36.0
0.0 57.5 614.4 -89.41 58.11 -0.01 -36.0
0.0 58.0 634.33 -87.77 58.63 -0.02 -36.0
0.0 58.5 735.8 -86.22 59.23 -0.05 -36.0
0.0 59.0 776.38 -82.83 59.77 -0.1 -36.0
0.0 59.5 643.16 -82.07 60.14 -0.09 -36.0
0.0 60.0 585.82 -81.26 60.58 -0.09 -36.0
0.0 60.5 543.68 -86.18 61.04 -0.04 -36.0
0.0 61.0 515.03 -89.8 61.52 -0.0 -36.0
0.0 61.5 451.34 -90.21 61.95 0.0 -36.0
1.0 55.5 585.82 -90.34 56.09 1.0 -36.0
1.0 56.0 560.57 -85.61 56.56 0.96 -36.0
1.0 56.5 553.98 -85.28 57.05 0.95 -36.0
1.0 57.0 533.99 -88.14 57.53 0.98 -36.0
1.0 57.5 440.86 -91.0 57.94 1.01 -36.0
1.0 58.0 543.3 -85.74 58.54 0.96 -36.0
1.0 58.5 574.18 -84.1 59.07 0.94 -36.0
1.0 59.0 504.18 -87.23 59.5 0.98 -36.0
1.0 59.5 486.0 -86.35 59.99 0.97 -36.0
1.0 60.5 512.79 -90.94 61.01 1.01 -36.0
2.0 57.0 446.99 -85.23 57.45 1.96 -36.0
2.0 57.5 378.32 -88.64 57.88 1.99 -36.0
2.0 58.0 348.94 -95.5 58.35 2.03 -36.0
2.0 58.5 355.81 -85.86 58.85 1.97 -36.0
3.0 57.0 380.89 -94.25 57.38 3.03 -36.0
3.0 57.5 360.1 -92.04 57.86 3.01 -36.0
-6.0 58.0 799.47 -90.71 58.8 -5.99 -59.0
-6.0 58.5 755.26 -86.59 59.25 -6.04 -59.0
-6.0 59.0 856.84 -85.71 59.85 -6.06 -59.0
-6.0 59.5 882.61 -84.86 60.38 -6.08 -59.0
-6.0 60.0 867.55 -83.16 60.86 -6.1 -59.0
-6.0 60.5 888.71 -82.58 61.38 -6.11 -59.0
-6.0 61.0 920.01 -80.36 61.91 -6.15 -59.0
-5.0 56.0 932.27 -83.42 56.93 -5.11 -59.0
-5.0 56.5 844.38 -86.51 57.34 -5.05 -59.0
-5.0 57.0 1096.06 -86.59 58.09 -5.07 -59.0
-5.0 57.5 984.18 -83.4 58.48 -5.11 -59.0
-5.0 58.0 939.0 -83.06 58.93 -5.11 -59.0
-5.0 58.5 943.85 -83.97 59.44 -5.1 -59.0
-5.0 59.0 869.23 -82.29 59.86 -5.12 -59.0
-5.0 59.5 798.15 -82.29 60.29 -5.11 -59.0
-5.0 60.0 767.36 -81.44 60.76 -5.11 -59.0
-5.0 60.5 718.52 -81.77 61.21 -5.1 -59.0
-5.0 61.0 757.69 -81.68 61.75 -5.11 -59.0
-5.0 61.5 765.56 -80.62 62.26 -5.12 -59.0
-5.0 62.0 668.37 -79.99 62.66 -5.12 -59.0
-5.0 62.5 746.66 -77.02 63.23 -5.17 -59.0
-5.0 63.0 826.62 -74.67 63.8 -5.22 -59.0
-4.0 55.0 568.37 -82.18 55.56 -4.08 -59.0
-4.0 55.5 734.79 -82.23 56.23 -4.1 -59.0
-4.0 56.0 814.34 -86.27 56.81 -4.05 -59.0
-4.0 56.5 877.42 -86.53 57.38 -4.05 -59.0
-4.0 57.0 1033.48 -85.0 58.03 -4.09 -59.0
-4.0 57.5 1036.76 -84.9 58.53 -4.09 -59.0
-4.0 58.0 978.28 -85.55 58.98 -4.08 -59.0
-4.0 58.5 933.65 -83.99 59.43 -4.1 -59.0
-4.0 59.0 910.24 -84.22 59.91 -4.09 -59.0
-4.0 59.5 826.38 -83.41 60.32 -4.09 -59.0
-4.0 60.0 825.32 -81.84 60.82 -4.12 -59.0
-4.0 60.5 798.65 -83.16 61.29 -4.1 -59.0
-4.0 61.0 695.22 -83.06 61.69 -4.08 -59.0
-4.0 61.5 628.79 -83.61 62.12 -4.07 -59.0
-4.0 62.0 629.13 -86.04 62.63 -4.04 -59.0
-4.0 62.5 669.38 -81.44 63.16 -4.1 -59.0
-3.0 53.5 481.93 -96.13 53.98 -2.95 -59.0
-3.0 54.0 563.66 -102.74 54.55 -2.88 -59.0
-3.0 54.5 829.49 -100.13 55.32 -2.85 -59.0
-3.0 55.0 798.58 -89.02 55.8 -3.01 -59.0
-3.0 55.5 1000.11 -87.08 56.5 -3.05 -59.0
-3.0 56.0 887.19 -89.51 56.89 -3.01 -59.0
-3.0 56.5 801.03 -94.38 57.3 -2.94 -59.0
-3.0 57.0 670.88 -92.19 57.67 -2.97 -59.0
-3.0 57.5 812.11 -86.76 58.31 -3.05 -59.0
-3.0 58.0 852.65 -84.05 58.85 -3.09 -59.0
-3.0 58.5 952.45 -84.84 59.45 -3.09 -59.0
-3.0 59.0 891.26 -83.96 59.89 -3.09 -59.0
-3.0 59.5 885.55 -84.35 60.38 -3.09 -59.0
-3.0 60.0 787.83 -83.37 60.78 -3.09 -59.0
-3.0 60.5 673.96 -86.43 61.17 -3.04 -59.0
-3.0 61.0 619.81 -86.19 61.62 -3.04 -59.0
-3.0 61.5 617.93 -87.59 62.12 -3.03 -59.0
-3.0 62.0 628.66 -82.96 62.62 -3.08 -59.0
-2.0 54.0 850.4 -97.64 54.84 -1.89 -59.0
-2.0 54.5 867.54 -94.79 55.36 -1.93 -59.0
-2.0 55.0 818.46 -89.22 55.82 -2.01 -59.0
-2.0 55.5 967.69 -87.56 56.47 -2.04 -59.0
-2.0 57.5 715.84 -84.59 58.21 -2.07 -59.0
-2.0 58.0 718.37 -81.71 58.71 -2.1 -59.0
-2.0 58.5 825.74 -82.43 59.32 -2.11 -59.0
-2.0 59.0 830.57 -84.1 59.83 -2.09 -59.0
-2.0 59.5 777.75 -84.62 60.27 -2.07 -59.0
-2.0 60.0 684.73 -84.49 60.68 -2.07 -59.0
-2.0 60.5 602.28 -83.17 61.1 -2.07 -59.0
-1.0 54.0 1192.7 -74.38 55.15 -1.32 -59.0
-1.0 54.5 1126.71 -77.37 55.6 -1.25 -59.0
-1.0 55.0 833.1 -84.13 55.83 -1.09 -59.0
-1.0 57.0 700.23 -88.12 57.7 -1.02 -59.0
-1.0 57.5 657.8 -84.89 58.16 -1.06 -59.0
-1.0 58.0 678.38 -82.74 58.67 -1.09 -59.0
-1.0 58.5 746.8 -84.65 59.24 -1.07 -59.0
-1.0 59.0 772.97 -86.46 59.77 -1.05 -59.0
-1.0 59.5 642.03 -89.48 60.14 -1.01 -59.0
-1.0 60.0 485.88 -90.34 60.49 -1.0 -59.0
0.0 56.5 662.8 -84.44 57.16 -0.06 -59.0
0.0 57.0 728.01 -83.57 57.72 -0.08 -59.0
0.0 57.5 557.45 -87.34 58.06 -0.03 -59.0
1.0 55.5 587.4 -94.05 56.09 1.04 -59.0
1.0 56.0 572.65 -94.89 56.57 1.05 -59.0
1.0 56.5 567.85 -91.99 57.07 1.02 -59.0
